/*--------------------------------*- C++ -*----------------------------------*\
| =========                 |                                                 |
| \\      /  F ield         | OpenFOAM: The Open Source CFD Toolbox           |
|  \\    /   O peration     | Version:  2506                                  |
|   \\  /    A nd           | Website:  www.openfoam.com                      |
|    \\/     M anipulation  |                                                 |
\*---------------------------------------------------------------------------*/
FoamFile
{
    version     2.0;
    format      ascii;
    arch        "LSB;label=32;scalar=64";
    class       faceList;
    location    "constant/polyMesh";
    object      faces;
}
// * * * * * * * * * * * * * * * * * * * * * * * * * * * * * * * * * * * * * //


4610
(
4(3 23 203 183)
4(22 202 203 23)
4(4 24 204 184)
4(23 203 204 24)
4(5 25 205 185)
4(24 204 205 25)
4(6 26 206 186)
4(25 205 206 26)
4(7 27 207 187)
4(26 206 207 27)
4(8 28 208 188)
4(27 207 208 28)
4(9 29 209 189)
4(28 208 209 29)
4(10 30 210 190)
4(29 209 210 30)
4(11 31 211 191)
4(30 210 211 31)
4(12 32 212 192)
4(31 211 212 32)
4(13 33 213 193)
4(32 212 213 33)
4(14 34 214 194)
4(33 213 214 34)
4(15 35 215 195)
4(34 214 215 35)
4(16 36 216 196)
4(35 215 216 36)
4(17 37 217 197)
4(36 216 217 37)
4(18 38 218 198)
4(37 217 218 38)
4(19 39 219 199)
4(38 218 219 39)
4(20 40 220 200)
4(39 219 220 40)
4(40 220 221 41)
4(23 43 223 203)
4(42 222 223 43)
4(24 44 224 204)
4(43 223 224 44)
4(25 45 225 205)
4(44 224 225 45)
4(26 46 226 206)
4(45 225 226 46)
4(27 47 227 207)
4(46 226 227 47)
4(28 48 228 208)
4(47 227 228 48)
4(29 49 229 209)
4(48 228 229 49)
4(30 50 230 210)
4(49 229 230 50)
4(31 51 231 211)
4(50 230 231 51)
4(32 52 232 212)
4(51 231 232 52)
4(33 53 233 213)
4(52 232 233 53)
4(34 54 234 214)
4(53 233 234 54)
4(35 55 235 215)
4(54 234 235 55)
4(36 56 236 216)
4(55 235 236 56)
4(37 57 237 217)
4(56 236 237 57)
4(38 58 238 218)
4(57 237 238 58)
4(39 59 239 219)
4(58 238 239 59)
4(40 60 240 220)
4(59 239 240 60)
4(60 240 241 61)
4(43 63 243 223)
4(62 242 243 63)
4(44 64 244 224)
4(63 243 244 64)
4(45 65 245 225)
4(64 244 245 65)
4(46 66 246 226)
4(65 245 246 66)
4(47 67 247 227)
4(66 246 247 67)
4(48 68 248 228)
4(67 247 248 68)
4(49 69 249 229)
4(68 248 249 69)
4(50 70 250 230)
4(69 249 250 70)
4(51 71 251 231)
4(70 250 251 71)
4(52 72 252 232)
4(71 251 252 72)
4(53 73 253 233)
4(72 252 253 73)
4(54 74 254 234)
4(73 253 254 74)
4(55 75 255 235)
4(74 254 255 75)
4(56 76 256 236)
4(75 255 256 76)
4(57 77 257 237)
4(76 256 257 77)
4(58 78 258 238)
4(77 257 258 78)
4(59 79 259 239)
4(78 258 259 79)
4(60 80 260 240)
4(79 259 260 80)
4(80 260 261 81)
4(63 83 263 243)
4(82 262 263 83)
4(64 84 264 244)
4(83 263 264 84)
4(65 85 265 245)
4(84 264 265 85)
4(66 86 266 246)
4(85 265 266 86)
4(67 87 267 247)
4(86 266 267 87)
4(68 88 268 248)
4(87 267 268 88)
4(69 89 269 249)
4(88 268 269 89)
4(70 90 270 250)
4(89 269 270 90)
4(71 91 271 251)
4(90 270 271 91)
4(72 92 272 252)
4(91 271 272 92)
4(73 93 273 253)
4(92 272 273 93)
4(74 94 274 254)
4(93 273 274 94)
4(75 95 275 255)
4(94 274 275 95)
4(76 96 276 256)
4(95 275 276 96)
4(77 97 277 257)
4(96 276 277 97)
4(78 98 278 258)
4(97 277 278 98)
4(79 99 279 259)
4(98 278 279 99)
4(80 100 280 260)
4(99 279 280 100)
4(100 280 281 101)
4(83 103 283 263)
4(102 282 283 103)
4(84 104 284 264)
4(103 283 284 104)
4(85 105 285 265)
4(104 284 285 105)
4(86 106 286 266)
4(105 285 286 106)
4(87 107 287 267)
4(106 286 287 107)
4(88 108 288 268)
4(107 287 288 108)
4(89 109 289 269)
4(108 288 289 109)
4(90 110 290 270)
4(109 289 290 110)
4(91 111 291 271)
4(110 290 291 111)
4(92 112 292 272)
4(111 291 292 112)
4(93 113 293 273)
4(112 292 293 113)
4(94 114 294 274)
4(113 293 294 114)
4(95 115 295 275)
4(114 294 295 115)
4(96 116 296 276)
4(115 295 296 116)
4(97 117 297 277)
4(116 296 297 117)
4(98 118 298 278)
4(117 297 298 118)
4(99 119 299 279)
4(118 298 299 119)
4(100 120 300 280)
4(119 299 300 120)
4(120 300 301 121)
4(103 123 303 283)
4(122 302 303 123)
4(104 124 304 284)
4(123 303 304 124)
4(105 125 305 285)
4(124 304 305 125)
4(106 126 306 286)
4(125 305 306 126)
4(107 127 307 287)
4(126 306 307 127)
4(108 128 308 288)
4(127 307 308 128)
4(109 129 309 289)
4(128 308 309 129)
4(110 130 310 290)
4(129 309 310 130)
4(111 131 311 291)
4(130 310 311 131)
4(112 132 312 292)
4(131 311 312 132)
4(113 133 313 293)
4(132 312 313 133)
4(114 134 314 294)
4(133 313 314 134)
4(115 135 315 295)
4(134 314 315 135)
4(116 136 316 296)
4(135 315 316 136)
4(117 137 317 297)
4(136 316 317 137)
4(118 138 318 298)
4(137 317 318 138)
4(119 139 319 299)
4(138 318 319 139)
4(120 140 320 300)
4(139 319 320 140)
4(140 320 321 141)
4(123 143 323 303)
4(142 322 323 143)
4(124 144 324 304)
4(143 323 324 144)
4(125 145 325 305)
4(144 324 325 145)
4(126 146 326 306)
4(145 325 326 146)
4(127 147 327 307)
4(146 326 327 147)
4(128 148 328 308)
4(147 327 328 148)
4(129 149 329 309)
4(148 328 329 149)
4(130 150 330 310)
4(149 329 330 150)
4(131 151 331 311)
4(150 330 331 151)
4(132 152 332 312)
4(151 331 332 152)
4(133 153 333 313)
4(152 332 333 153)
4(134 154 334 314)
4(153 333 334 154)
4(135 155 335 315)
4(154 334 335 155)
4(136 156 336 316)
4(155 335 336 156)
4(137 157 337 317)
4(156 336 337 157)
4(138 158 338 318)
4(157 337 338 158)
4(139 159 339 319)
4(158 338 339 159)
4(140 160 340 320)
4(159 339 340 160)
4(160 340 341 161)
4(143 163 343 323)
4(162 342 343 163)
4(144 164 344 324)
4(163 343 344 164)
4(145 165 345 325)
4(164 344 345 165)
4(146 166 346 326)
4(165 345 346 166)
4(147 167 347 327)
4(166 346 347 167)
4(148 168 348 328)
4(167 347 348 168)
4(149 169 349 329)
4(168 348 349 169)
4(150 170 350 330)
4(169 349 350 170)
4(151 171 351 331)
4(170 350 351 171)
4(152 172 352 332)
4(171 351 352 172)
4(153 173 353 333)
4(172 352 353 173)
4(154 174 354 334)
4(173 353 354 174)
4(155 175 355 335)
4(174 354 355 175)
4(156 176 356 336)
4(175 355 356 176)
4(157 177 357 337)
4(176 356 357 177)
4(158 178 358 338)
4(177 357 358 178)
4(159 179 359 339)
4(178 358 359 179)
4(160 180 360 340)
4(179 359 360 180)
4(180 360 361 181)
4(389 448 449 390)
4(388 390 449 447)
4(391 450 451 392)
4(390 392 451 449)
4(393 452 453 394)
4(392 394 453 451)
4(395 454 455 396)
4(394 396 455 453)
4(397 456 457 398)
4(396 398 457 455)
4(399 458 459 400)
4(398 400 459 457)
4(401 460 461 402)
4(400 402 461 459)
4(403 462 463 404)
4(402 404 463 461)
4(405 464 465 406)
4(404 406 465 463)
4(407 466 467 408)
4(406 408 467 465)
4(409 468 469 410)
4(408 410 469 467)
4(411 470 471 412)
4(410 412 471 469)
4(413 472 473 414)
4(412 414 473 471)
4(415 474 475 416)
4(414 416 475 473)
4(417 476 477 418)
4(416 418 477 475)
4(418 420 479 477)
4(480 483 654 651)
4(362 421 654 483)
4(481 484 655 652)
4(483 654 655 484)
4(482 485 656 653)
4(484 655 656 485)
4(485 656 657 486)
4(162 486 657 342)
4(483 487 658 654)
4(363 422 658 487)
4(484 488 659 655)
4(487 658 659 488)
4(485 489 660 656)
4(488 659 660 489)
4(489 660 661 490)
4(486 490 661 657)
4(487 491 662 658)
4(364 423 662 491)
4(488 492 663 659)
4(491 662 663 492)
4(489 493 664 660)
4(492 663 664 493)
4(493 664 665 494)
4(490 494 665 661)
4(491 495 666 662)
4(365 424 666 495)
4(492 496 667 663)
4(495 666 667 496)
4(493 497 668 664)
4(496 667 668 497)
4(497 668 669 498)
4(494 498 669 665)
4(495 499 670 666)
4(366 425 670 499)
4(496 500 671 667)
4(499 670 671 500)
4(497 501 672 668)
4(500 671 672 501)
4(501 672 673 502)
4(498 502 673 669)
4(499 503 674 670)
4(367 426 674 503)
4(500 504 675 671)
4(503 674 675 504)
4(501 505 676 672)
4(504 675 676 505)
4(505 676 677 506)
4(502 506 677 673)
4(503 507 678 674)
4(368 427 678 507)
4(504 508 679 675)
4(507 678 679 508)
4(505 509 680 676)
4(508 679 680 509)
4(509 680 681 510)
4(506 510 681 677)
4(507 511 682 678)
4(369 428 682 511)
4(508 512 683 679)
4(511 682 683 512)
4(509 513 684 680)
4(512 683 684 513)
4(513 684 685 514)
4(510 514 685 681)
4(511 515 686 682)
4(370 429 686 515)
4(512 516 687 683)
4(515 686 687 516)
4(513 517 688 684)
4(516 687 688 517)
4(517 688 689 518)
4(514 518 689 685)
4(515 519 690 686)
4(371 430 690 519)
4(516 520 691 687)
4(519 690 691 520)
4(517 521 692 688)
4(520 691 692 521)
4(521 692 693 522)
4(518 522 693 689)
4(519 523 694 690)
4(372 431 694 523)
4(520 524 695 691)
4(523 694 695 524)
4(521 525 696 692)
4(524 695 696 525)
4(525 696 697 526)
4(522 526 697 693)
4(523 527 698 694)
4(373 432 698 527)
4(524 528 699 695)
4(527 698 699 528)
4(525 529 700 696)
4(528 699 700 529)
4(529 700 701 530)
4(526 530 701 697)
4(527 531 702 698)
4(374 433 702 531)
4(528 532 703 699)
4(531 702 703 532)
4(529 533 704 700)
4(532 703 704 533)
4(533 704 705 534)
4(530 534 705 701)
4(531 535 706 702)
4(375 434 706 535)
4(532 536 707 703)
4(535 706 707 536)
4(533 537 708 704)
4(536 707 708 537)
4(537 708 709 538)
4(534 538 709 705)
4(535 539 710 706)
4(376 435 710 539)
4(536 540 711 707)
4(539 710 711 540)
4(537 541 712 708)
4(540 711 712 541)
4(541 712 713 542)
4(538 542 713 709)
4(539 543 714 710)
4(377 436 714 543)
4(540 544 715 711)
4(543 714 715 544)
4(541 545 716 712)
4(544 715 716 545)
4(545 716 717 546)
4(542 546 717 713)
4(543 547 718 714)
4(378 437 718 547)
4(544 548 719 715)
4(547 718 719 548)
4(545 549 720 716)
4(548 719 720 549)
4(549 720 721 550)
4(546 550 721 717)
4(547 551 722 718)
4(379 438 722 551)
4(548 552 723 719)
4(551 722 723 552)
4(549 553 724 720)
4(552 723 724 553)
4(553 724 725 554)
4(550 554 725 721)
4(551 555 726 722)
4(380 439 726 555)
4(552 556 727 723)
4(555 726 727 556)
4(553 557 728 724)
4(556 727 728 557)
4(557 728 729 558)
4(554 558 729 725)
4(555 559 730 726)
4(381 440 730 559)
4(556 560 731 727)
4(559 730 731 560)
4(557 561 732 728)
4(560 731 732 561)
4(561 732 733 562)
4(558 562 733 729)
4(559 563 734 730)
4(382 441 734 563)
4(560 564 735 731)
4(563 734 735 564)
4(561 565 736 732)
4(564 735 736 565)
4(565 736 737 566)
4(562 566 737 733)
4(563 567 738 734)
4(383 442 738 567)
4(564 568 739 735)
4(567 738 739 568)
4(565 569 740 736)
4(568 739 740 569)
4(569 740 741 570)
4(566 570 741 737)
4(567 571 742 738)
4(384 443 742 571)
4(568 572 743 739)
4(571 742 743 572)
4(569 573 744 740)
4(572 743 744 573)
4(573 744 745 574)
4(570 574 745 741)
4(571 575 746 742)
4(385 444 746 575)
4(572 576 747 743)
4(575 746 747 576)
4(573 577 748 744)
4(576 747 748 577)
4(577 748 749 578)
4(574 578 749 745)
4(575 579 750 746)
4(386 445 750 579)
4(576 580 751 747)
4(579 750 751 580)
4(577 581 752 748)
4(580 751 752 581)
4(581 752 753 582)
4(578 582 753 749)
4(579 583 754 750)
4(388 447 754 583)
4(580 584 755 751)
4(583 754 755 584)
4(581 585 756 752)
4(584 755 756 585)
4(585 756 757 586)
4(582 586 757 753)
4(583 587 758 754)
4(390 449 758 587)
4(584 588 759 755)
4(587 758 759 588)
4(585 589 760 756)
4(588 759 760 589)
4(589 760 761 590)
4(586 590 761 757)
4(587 591 762 758)
4(392 451 762 591)
4(588 592 763 759)
4(591 762 763 592)
4(589 593 764 760)
4(592 763 764 593)
4(593 764 765 594)
4(590 594 765 761)
4(591 595 766 762)
4(394 453 766 595)
4(592 596 767 763)
4(595 766 767 596)
4(593 597 768 764)
4(596 767 768 597)
4(597 768 769 598)
4(594 598 769 765)
4(595 599 770 766)
4(396 455 770 599)
4(596 600 771 767)
4(599 770 771 600)
4(597 601 772 768)
4(600 771 772 601)
4(601 772 773 602)
4(598 602 773 769)
4(599 603 774 770)
4(398 457 774 603)
4(600 604 775 771)
4(603 774 775 604)
4(601 605 776 772)
4(604 775 776 605)
4(605 776 777 606)
4(602 606 777 773)
4(603 607 778 774)
4(400 459 778 607)
4(604 608 779 775)
4(607 778 779 608)
4(605 609 780 776)
4(608 779 780 609)
4(609 780 781 610)
4(606 610 781 777)
4(607 611 782 778)
4(402 461 782 611)
4(608 612 783 779)
4(611 782 783 612)
4(609 613 784 780)
4(612 783 784 613)
4(613 784 785 614)
4(610 614 785 781)
4(611 615 786 782)
4(404 463 786 615)
4(612 616 787 783)
4(615 786 787 616)
4(613 617 788 784)
4(616 787 788 617)
4(617 788 789 618)
4(614 618 789 785)
4(615 619 790 786)
4(406 465 790 619)
4(616 620 791 787)
4(619 790 791 620)
4(617 621 792 788)
4(620 791 792 621)
4(621 792 793 622)
4(618 622 793 789)
4(619 623 794 790)
4(408 467 794 623)
4(620 624 795 791)
4(623 794 795 624)
4(621 625 796 792)
4(624 795 796 625)
4(625 796 797 626)
4(622 626 797 793)
4(623 627 798 794)
4(410 469 798 627)
4(624 628 799 795)
4(627 798 799 628)
4(625 629 800 796)
4(628 799 800 629)
4(629 800 801 630)
4(626 630 801 797)
4(627 631 802 798)
4(412 471 802 631)
4(628 632 803 799)
4(631 802 803 632)
4(629 633 804 800)
4(632 803 804 633)
4(633 804 805 634)
4(630 634 805 801)
4(631 635 806 802)
4(414 473 806 635)
4(632 636 807 803)
4(635 806 807 636)
4(633 637 808 804)
4(636 807 808 637)
4(637 808 809 638)
4(634 638 809 805)
4(635 639 810 806)
4(416 475 810 639)
4(636 640 811 807)
4(639 810 811 640)
4(637 641 812 808)
4(640 811 812 641)
4(641 812 813 642)
4(638 642 813 809)
4(639 643 814 810)
4(418 477 814 643)
4(640 644 815 811)
4(643 814 815 644)
4(641 645 816 812)
4(644 815 816 645)
4(645 816 817 646)
4(642 646 817 813)
4(643 647 818 814)
4(644 648 819 815)
4(645 649 820 816)
4(646 650 821 817)
4(163 822 1620 343)
4(486 657 1620 822)
4(164 823 1621 344)
4(822 1620 1621 823)
4(165 824 1622 345)
4(823 1621 1622 824)
4(166 825 1623 346)
4(824 1622 1623 825)
4(167 826 1624 347)
4(825 1623 1624 826)
4(168 827 1625 348)
4(826 1624 1625 827)
4(169 828 1626 349)
4(827 1625 1626 828)
4(170 829 1627 350)
4(828 1626 1627 829)
4(171 830 1628 351)
4(829 1627 1628 830)
4(172 831 1629 352)
4(830 1628 1629 831)
4(173 832 1630 353)
4(831 1629 1630 832)
4(174 833 1631 354)
4(832 1630 1631 833)
4(175 834 1632 355)
4(833 1631 1632 834)
4(176 835 1633 356)
4(834 1632 1633 835)
4(177 836 1634 357)
4(835 1633 1634 836)
4(178 837 1635 358)
4(836 1634 1635 837)
4(179 838 1636 359)
4(837 1635 1636 838)
4(180 839 1637 360)
4(838 1636 1637 839)
4(839 1637 1638 840)
4(822 841 1639 1620)
4(490 661 1639 841)
4(823 842 1640 1621)
4(841 1639 1640 842)
4(824 843 1641 1622)
4(842 1640 1641 843)
4(825 844 1642 1623)
4(843 1641 1642 844)
4(826 845 1643 1624)
4(844 1642 1643 845)
4(827 846 1644 1625)
4(845 1643 1644 846)
4(828 847 1645 1626)
4(846 1644 1645 847)
4(829 848 1646 1627)
4(847 1645 1646 848)
4(830 849 1647 1628)
4(848 1646 1647 849)
4(831 850 1648 1629)
4(849 1647 1648 850)
4(832 851 1649 1630)
4(850 1648 1649 851)
4(833 852 1650 1631)
4(851 1649 1650 852)
4(834 853 1651 1632)
4(852 1650 1651 853)
4(835 854 1652 1633)
4(853 1651 1652 854)
4(836 855 1653 1634)
4(854 1652 1653 855)
4(837 856 1654 1635)
4(855 1653 1654 856)
4(838 857 1655 1636)
4(856 1654 1655 857)
4(839 858 1656 1637)
4(857 1655 1656 858)
4(858 1656 1657 859)
4(841 860 1658 1639)
4(494 665 1658 860)
4(842 861 1659 1640)
4(860 1658 1659 861)
4(843 862 1660 1641)
4(861 1659 1660 862)
4(844 863 1661 1642)
4(862 1660 1661 863)
4(845 864 1662 1643)
4(863 1661 1662 864)
4(846 865 1663 1644)
4(864 1662 1663 865)
4(847 866 1664 1645)
4(865 1663 1664 866)
4(848 867 1665 1646)
4(866 1664 1665 867)
4(849 868 1666 1647)
4(867 1665 1666 868)
4(850 869 1667 1648)
4(868 1666 1667 869)
4(851 870 1668 1649)
4(869 1667 1668 870)
4(852 871 1669 1650)
4(870 1668 1669 871)
4(853 872 1670 1651)
4(871 1669 1670 872)
4(854 873 1671 1652)
4(872 1670 1671 873)
4(855 874 1672 1653)
4(873 1671 1672 874)
4(856 875 1673 1654)
4(874 1672 1673 875)
4(857 876 1674 1655)
4(875 1673 1674 876)
4(858 877 1675 1656)
4(876 1674 1675 877)
4(877 1675 1676 878)
4(860 879 1677 1658)
4(498 669 1677 879)
4(861 880 1678 1659)
4(879 1677 1678 880)
4(862 881 1679 1660)
4(880 1678 1679 881)
4(863 882 1680 1661)
4(881 1679 1680 882)
4(864 883 1681 1662)
4(882 1680 1681 883)
4(865 884 1682 1663)
4(883 1681 1682 884)
4(866 885 1683 1664)
4(884 1682 1683 885)
4(867 886 1684 1665)
4(885 1683 1684 886)
4(868 887 1685 1666)
4(886 1684 1685 887)
4(869 888 1686 1667)
4(887 1685 1686 888)
4(870 889 1687 1668)
4(888 1686 1687 889)
4(871 890 1688 1669)
4(889 1687 1688 890)
4(872 891 1689 1670)
4(890 1688 1689 891)
4(873 892 1690 1671)
4(891 1689 1690 892)
4(874 893 1691 1672)
4(892 1690 1691 893)
4(875 894 1692 1673)
4(893 1691 1692 894)
4(876 895 1693 1674)
4(894 1692 1693 895)
4(877 896 1694 1675)
4(895 1693 1694 896)
4(896 1694 1695 897)
4(879 898 1696 1677)
4(502 673 1696 898)
4(880 899 1697 1678)
4(898 1696 1697 899)
4(881 900 1698 1679)
4(899 1697 1698 900)
4(882 901 1699 1680)
4(900 1698 1699 901)
4(883 902 1700 1681)
4(901 1699 1700 902)
4(884 903 1701 1682)
4(902 1700 1701 903)
4(885 904 1702 1683)
4(903 1701 1702 904)
4(886 905 1703 1684)
4(904 1702 1703 905)
4(887 906 1704 1685)
4(905 1703 1704 906)
4(888 907 1705 1686)
4(906 1704 1705 907)
4(889 908 1706 1687)
4(907 1705 1706 908)
4(890 909 1707 1688)
4(908 1706 1707 909)
4(891 910 1708 1689)
4(909 1707 1708 910)
4(892 911 1709 1690)
4(910 1708 1709 911)
4(893 912 1710 1691)
4(911 1709 1710 912)
4(894 913 1711 1692)
4(912 1710 1711 913)
4(895 914 1712 1693)
4(913 1711 1712 914)
4(896 915 1713 1694)
4(914 1712 1713 915)
4(915 1713 1714 916)
4(898 917 1715 1696)
4(506 677 1715 917)
4(899 918 1716 1697)
4(917 1715 1716 918)
4(900 919 1717 1698)
4(918 1716 1717 919)
4(901 920 1718 1699)
4(919 1717 1718 920)
4(902 921 1719 1700)
4(920 1718 1719 921)
4(903 922 1720 1701)
4(921 1719 1720 922)
4(904 923 1721 1702)
4(922 1720 1721 923)
4(905 924 1722 1703)
4(923 1721 1722 924)
4(906 925 1723 1704)
4(924 1722 1723 925)
4(907 926 1724 1705)
4(925 1723 1724 926)
4(908 927 1725 1706)
4(926 1724 1725 927)
4(909 928 1726 1707)
4(927 1725 1726 928)
4(910 929 1727 1708)
4(928 1726 1727 929)
4(911 930 1728 1709)
4(929 1727 1728 930)
4(912 931 1729 1710)
4(930 1728 1729 931)
4(913 932 1730 1711)
4(931 1729 1730 932)
4(914 933 1731 1712)
4(932 1730 1731 933)
4(915 934 1732 1713)
4(933 1731 1732 934)
4(934 1732 1733 935)
4(917 936 1734 1715)
4(510 681 1734 936)
4(918 937 1735 1716)
4(936 1734 1735 937)
4(919 938 1736 1717)
4(937 1735 1736 938)
4(920 939 1737 1718)
4(938 1736 1737 939)
4(921 940 1738 1719)
4(939 1737 1738 940)
4(922 941 1739 1720)
4(940 1738 1739 941)
4(923 942 1740 1721)
4(941 1739 1740 942)
4(924 943 1741 1722)
4(942 1740 1741 943)
4(925 944 1742 1723)
4(943 1741 1742 944)
4(926 945 1743 1724)
4(944 1742 1743 945)
4(927 946 1744 1725)
4(945 1743 1744 946)
4(928 947 1745 1726)
4(946 1744 1745 947)
4(929 948 1746 1727)
4(947 1745 1746 948)
4(930 949 1747 1728)
4(948 1746 1747 949)
4(931 950 1748 1729)
4(949 1747 1748 950)
4(932 951 1749 1730)
4(950 1748 1749 951)
4(933 952 1750 1731)
4(951 1749 1750 952)
4(934 953 1751 1732)
4(952 1750 1751 953)
4(953 1751 1752 954)
4(936 955 1753 1734)
4(514 685 1753 955)
4(937 956 1754 1735)
4(955 1753 1754 956)
4(938 957 1755 1736)
4(956 1754 1755 957)
4(939 958 1756 1737)
4(957 1755 1756 958)
4(940 959 1757 1738)
4(958 1756 1757 959)
4(941 960 1758 1739)
4(959 1757 1758 960)
4(942 961 1759 1740)
4(960 1758 1759 961)
4(943 962 1760 1741)
4(961 1759 1760 962)
4(944 963 1761 1742)
4(962 1760 1761 963)
4(945 964 1762 1743)
4(963 1761 1762 964)
4(946 965 1763 1744)
4(964 1762 1763 965)
4(947 966 1764 1745)
4(965 1763 1764 966)
4(948 967 1765 1746)
4(966 1764 1765 967)
4(949 968 1766 1747)
4(967 1765 1766 968)
4(950 969 1767 1748)
4(968 1766 1767 969)
4(951 970 1768 1749)
4(969 1767 1768 970)
4(952 971 1769 1750)
4(970 1768 1769 971)
4(953 972 1770 1751)
4(971 1769 1770 972)
4(972 1770 1771 973)
4(955 974 1772 1753)
4(518 689 1772 974)
4(956 975 1773 1754)
4(974 1772 1773 975)
4(957 976 1774 1755)
4(975 1773 1774 976)
4(958 977 1775 1756)
4(976 1774 1775 977)
4(959 978 1776 1757)
4(977 1775 1776 978)
4(960 979 1777 1758)
4(978 1776 1777 979)
4(961 980 1778 1759)
4(979 1777 1778 980)
4(962 981 1779 1760)
4(980 1778 1779 981)
4(963 982 1780 1761)
4(981 1779 1780 982)
4(964 983 1781 1762)
4(982 1780 1781 983)
4(965 984 1782 1763)
4(983 1781 1782 984)
4(966 985 1783 1764)
4(984 1782 1783 985)
4(967 986 1784 1765)
4(985 1783 1784 986)
4(968 987 1785 1766)
4(986 1784 1785 987)
4(969 988 1786 1767)
4(987 1785 1786 988)
4(970 989 1787 1768)
4(988 1786 1787 989)
4(971 990 1788 1769)
4(989 1787 1788 990)
4(972 991 1789 1770)
4(990 1788 1789 991)
4(991 1789 1790 992)
4(974 993 1791 1772)
4(522 693 1791 993)
4(975 994 1792 1773)
4(993 1791 1792 994)
4(976 995 1793 1774)
4(994 1792 1793 995)
4(977 996 1794 1775)
4(995 1793 1794 996)
4(978 997 1795 1776)
4(996 1794 1795 997)
4(979 998 1796 1777)
4(997 1795 1796 998)
4(980 999 1797 1778)
4(998 1796 1797 999)
4(981 1000 1798 1779)
4(999 1797 1798 1000)
4(982 1001 1799 1780)
4(1000 1798 1799 1001)
4(983 1002 1800 1781)
4(1001 1799 1800 1002)
4(984 1003 1801 1782)
4(1002 1800 1801 1003)
4(985 1004 1802 1783)
4(1003 1801 1802 1004)
4(986 1005 1803 1784)
4(1004 1802 1803 1005)
4(987 1006 1804 1785)
4(1005 1803 1804 1006)
4(988 1007 1805 1786)
4(1006 1804 1805 1007)
4(989 1008 1806 1787)
4(1007 1805 1806 1008)
4(990 1009 1807 1788)
4(1008 1806 1807 1009)
4(991 1010 1808 1789)
4(1009 1807 1808 1010)
4(1010 1808 1809 1011)
4(993 1012 1810 1791)
4(526 697 1810 1012)
4(994 1013 1811 1792)
4(1012 1810 1811 1013)
4(995 1014 1812 1793)
4(1013 1811 1812 1014)
4(996 1015 1813 1794)
4(1014 1812 1813 1015)
4(997 1016 1814 1795)
4(1015 1813 1814 1016)
4(998 1017 1815 1796)
4(1016 1814 1815 1017)
4(999 1018 1816 1797)
4(1017 1815 1816 1018)
4(1000 1019 1817 1798)
4(1018 1816 1817 1019)
4(1001 1020 1818 1799)
4(1019 1817 1818 1020)
4(1002 1021 1819 1800)
4(1020 1818 1819 1021)
4(1003 1022 1820 1801)
4(1021 1819 1820 1022)
4(1004 1023 1821 1802)
4(1022 1820 1821 1023)
4(1005 1024 1822 1803)
4(1023 1821 1822 1024)
4(1006 1025 1823 1804)
4(1024 1822 1823 1025)
4(1007 1026 1824 1805)
4(1025 1823 1824 1026)
4(1008 1027 1825 1806)
4(1026 1824 1825 1027)
4(1009 1028 1826 1807)
4(1027 1825 1826 1028)
4(1010 1029 1827 1808)
4(1028 1826 1827 1029)
4(1029 1827 1828 1030)
4(1012 1031 1829 1810)
4(530 701 1829 1031)
4(1013 1032 1830 1811)
4(1031 1829 1830 1032)
4(1014 1033 1831 1812)
4(1032 1830 1831 1033)
4(1015 1034 1832 1813)
4(1033 1831 1832 1034)
4(1016 1035 1833 1814)
4(1034 1832 1833 1035)
4(1017 1036 1834 1815)
4(1035 1833 1834 1036)
4(1018 1037 1835 1816)
4(1036 1834 1835 1037)
4(1019 1038 1836 1817)
4(1037 1835 1836 1038)
4(1020 1039 1837 1818)
4(1038 1836 1837 1039)
4(1021 1040 1838 1819)
4(1039 1837 1838 1040)
4(1022 1041 1839 1820)
4(1040 1838 1839 1041)
4(1023 1042 1840 1821)
4(1041 1839 1840 1042)
4(1024 1043 1841 1822)
4(1042 1840 1841 1043)
4(1025 1044 1842 1823)
4(1043 1841 1842 1044)
4(1026 1045 1843 1824)
4(1044 1842 1843 1045)
4(1027 1046 1844 1825)
4(1045 1843 1844 1046)
4(1028 1047 1845 1826)
4(1046 1844 1845 1047)
4(1029 1048 1846 1827)
4(1047 1845 1846 1048)
4(1048 1846 1847 1049)
4(1031 1050 1848 1829)
4(534 705 1848 1050)
4(1032 1051 1849 1830)
4(1050 1848 1849 1051)
4(1033 1052 1850 1831)
4(1051 1849 1850 1052)
4(1034 1053 1851 1832)
4(1052 1850 1851 1053)
4(1035 1054 1852 1833)
4(1053 1851 1852 1054)
4(1036 1055 1853 1834)
4(1054 1852 1853 1055)
4(1037 1056 1854 1835)
4(1055 1853 1854 1056)
4(1038 1057 1855 1836)
4(1056 1854 1855 1057)
4(1039 1058 1856 1837)
4(1057 1855 1856 1058)
4(1040 1059 1857 1838)
4(1058 1856 1857 1059)
4(1041 1060 1858 1839)
4(1059 1857 1858 1060)
4(1042 1061 1859 1840)
4(1060 1858 1859 1061)
4(1043 1062 1860 1841)
4(1061 1859 1860 1062)
4(1044 1063 1861 1842)
4(1062 1860 1861 1063)
4(1045 1064 1862 1843)
4(1063 1861 1862 1064)
4(1046 1065 1863 1844)
4(1064 1862 1863 1065)
4(1047 1066 1864 1845)
4(1065 1863 1864 1066)
4(1048 1067 1865 1846)
4(1066 1864 1865 1067)
4(1067 1865 1866 1068)
4(1050 1069 1867 1848)
4(538 709 1867 1069)
4(1051 1070 1868 1849)
4(1069 1867 1868 1070)
4(1052 1071 1869 1850)
4(1070 1868 1869 1071)
4(1053 1072 1870 1851)
4(1071 1869 1870 1072)
4(1054 1073 1871 1852)
4(1072 1870 1871 1073)
4(1055 1074 1872 1853)
4(1073 1871 1872 1074)
4(1056 1075 1873 1854)
4(1074 1872 1873 1075)
4(1057 1076 1874 1855)
4(1075 1873 1874 1076)
4(1058 1077 1875 1856)
4(1076 1874 1875 1077)
4(1059 1078 1876 1857)
4(1077 1875 1876 1078)
4(1060 1079 1877 1858)
4(1078 1876 1877 1079)
4(1061 1080 1878 1859)
4(1079 1877 1878 1080)
4(1062 1081 1879 1860)
4(1080 1878 1879 1081)
4(1063 1082 1880 1861)
4(1081 1879 1880 1082)
4(1064 1083 1881 1862)
4(1082 1880 1881 1083)
4(1065 1084 1882 1863)
4(1083 1881 1882 1084)
4(1066 1085 1883 1864)
4(1084 1882 1883 1085)
4(1067 1086 1884 1865)
4(1085 1883 1884 1086)
4(1086 1884 1885 1087)
4(1069 1088 1886 1867)
4(542 713 1886 1088)
4(1070 1089 1887 1868)
4(1088 1886 1887 1089)
4(1071 1090 1888 1869)
4(1089 1887 1888 1090)
4(1072 1091 1889 1870)
4(1090 1888 1889 1091)
4(1073 1092 1890 1871)
4(1091 1889 1890 1092)
4(1074 1093 1891 1872)
4(1092 1890 1891 1093)
4(1075 1094 1892 1873)
4(1093 1891 1892 1094)
4(1076 1095 1893 1874)
4(1094 1892 1893 1095)
4(1077 1096 1894 1875)
4(1095 1893 1894 1096)
4(1078 1097 1895 1876)
4(1096 1894 1895 1097)
4(1079 1098 1896 1877)
4(1097 1895 1896 1098)
4(1080 1099 1897 1878)
4(1098 1896 1897 1099)
4(1081 1100 1898 1879)
4(1099 1897 1898 1100)
4(1082 1101 1899 1880)
4(1100 1898 1899 1101)
4(1083 1102 1900 1881)
4(1101 1899 1900 1102)
4(1084 1103 1901 1882)
4(1102 1900 1901 1103)
4(1085 1104 1902 1883)
4(1103 1901 1902 1104)
4(1086 1105 1903 1884)
4(1104 1902 1903 1105)
4(1105 1903 1904 1106)
4(1088 1107 1905 1886)
4(546 717 1905 1107)
4(1089 1108 1906 1887)
4(1107 1905 1906 1108)
4(1090 1109 1907 1888)
4(1108 1906 1907 1109)
4(1091 1110 1908 1889)
4(1109 1907 1908 1110)
4(1092 1111 1909 1890)
4(1110 1908 1909 1111)
4(1093 1112 1910 1891)
4(1111 1909 1910 1112)
4(1094 1113 1911 1892)
4(1112 1910 1911 1113)
4(1095 1114 1912 1893)
4(1113 1911 1912 1114)
4(1096 1115 1913 1894)
4(1114 1912 1913 1115)
4(1097 1116 1914 1895)
4(1115 1913 1914 1116)
4(1098 1117 1915 1896)
4(1116 1914 1915 1117)
4(1099 1118 1916 1897)
4(1117 1915 1916 1118)
4(1100 1119 1917 1898)
4(1118 1916 1917 1119)
4(1101 1120 1918 1899)
4(1119 1917 1918 1120)
4(1102 1121 1919 1900)
4(1120 1918 1919 1121)
4(1103 1122 1920 1901)
4(1121 1919 1920 1122)
4(1104 1123 1921 1902)
4(1122 1920 1921 1123)
4(1105 1124 1922 1903)
4(1123 1921 1922 1124)
4(1124 1922 1923 1125)
4(1107 1126 1924 1905)
4(550 721 1924 1126)
4(1108 1127 1925 1906)
4(1126 1924 1925 1127)
4(1109 1128 1926 1907)
4(1127 1925 1926 1128)
4(1110 1129 1927 1908)
4(1128 1926 1927 1129)
4(1111 1130 1928 1909)
4(1129 1927 1928 1130)
4(1112 1131 1929 1910)
4(1130 1928 1929 1131)
4(1113 1132 1930 1911)
4(1131 1929 1930 1132)
4(1114 1133 1931 1912)
4(1132 1930 1931 1133)
4(1115 1134 1932 1913)
4(1133 1931 1932 1134)
4(1116 1135 1933 1914)
4(1134 1932 1933 1135)
4(1117 1136 1934 1915)
4(1135 1933 1934 1136)
4(1118 1137 1935 1916)
4(1136 1934 1935 1137)
4(1119 1138 1936 1917)
4(1137 1935 1936 1138)
4(1120 1139 1937 1918)
4(1138 1936 1937 1139)
4(1121 1140 1938 1919)
4(1139 1937 1938 1140)
4(1122 1141 1939 1920)
4(1140 1938 1939 1141)
4(1123 1142 1940 1921)
4(1141 1939 1940 1142)
4(1124 1143 1941 1922)
4(1142 1940 1941 1143)
4(1143 1941 1942 1144)
4(1126 1145 1943 1924)
4(554 725 1943 1145)
4(1127 1146 1944 1925)
4(1145 1943 1944 1146)
4(1128 1147 1945 1926)
4(1146 1944 1945 1147)
4(1129 1148 1946 1927)
4(1147 1945 1946 1148)
4(1130 1149 1947 1928)
4(1148 1946 1947 1149)
4(1131 1150 1948 1929)
4(1149 1947 1948 1150)
4(1132 1151 1949 1930)
4(1150 1948 1949 1151)
4(1133 1152 1950 1931)
4(1151 1949 1950 1152)
4(1134 1153 1951 1932)
4(1152 1950 1951 1153)
4(1135 1154 1952 1933)
4(1153 1951 1952 1154)
4(1136 1155 1953 1934)
4(1154 1952 1953 1155)
4(1137 1156 1954 1935)
4(1155 1953 1954 1156)
4(1138 1157 1955 1936)
4(1156 1954 1955 1157)
4(1139 1158 1956 1937)
4(1157 1955 1956 1158)
4(1140 1159 1957 1938)
4(1158 1956 1957 1159)
4(1141 1160 1958 1939)
4(1159 1957 1958 1160)
4(1142 1161 1959 1940)
4(1160 1958 1959 1161)
4(1143 1162 1960 1941)
4(1161 1959 1960 1162)
4(1162 1960 1961 1163)
4(1145 1164 1962 1943)
4(558 729 1962 1164)
4(1146 1165 1963 1944)
4(1164 1962 1963 1165)
4(1147 1166 1964 1945)
4(1165 1963 1964 1166)
4(1148 1167 1965 1946)
4(1166 1964 1965 1167)
4(1149 1168 1966 1947)
4(1167 1965 1966 1168)
4(1150 1169 1967 1948)
4(1168 1966 1967 1169)
4(1151 1170 1968 1949)
4(1169 1967 1968 1170)
4(1152 1171 1969 1950)
4(1170 1968 1969 1171)
4(1153 1172 1970 1951)
4(1171 1969 1970 1172)
4(1154 1173 1971 1952)
4(1172 1970 1971 1173)
4(1155 1174 1972 1953)
4(1173 1971 1972 1174)
4(1156 1175 1973 1954)
4(1174 1972 1973 1175)
4(1157 1176 1974 1955)
4(1175 1973 1974 1176)
4(1158 1177 1975 1956)
4(1176 1974 1975 1177)
4(1159 1178 1976 1957)
4(1177 1975 1976 1178)
4(1160 1179 1977 1958)
4(1178 1976 1977 1179)
4(1161 1180 1978 1959)
4(1179 1977 1978 1180)
4(1162 1181 1979 1960)
4(1180 1978 1979 1181)
4(1181 1979 1980 1182)
4(1164 1183 1981 1962)
4(562 733 1981 1183)
4(1165 1184 1982 1963)
4(1183 1981 1982 1184)
4(1166 1185 1983 1964)
4(1184 1982 1983 1185)
4(1167 1186 1984 1965)
4(1185 1983 1984 1186)
4(1168 1187 1985 1966)
4(1186 1984 1985 1187)
4(1169 1188 1986 1967)
4(1187 1985 1986 1188)
4(1170 1189 1987 1968)
4(1188 1986 1987 1189)
4(1171 1190 1988 1969)
4(1189 1987 1988 1190)
4(1172 1191 1989 1970)
4(1190 1988 1989 1191)
4(1173 1192 1990 1971)
4(1191 1989 1990 1192)
4(1174 1193 1991 1972)
4(1192 1990 1991 1193)
4(1175 1194 1992 1973)
4(1193 1991 1992 1194)
4(1176 1195 1993 1974)
4(1194 1992 1993 1195)
4(1177 1196 1994 1975)
4(1195 1993 1994 1196)
4(1178 1197 1995 1976)
4(1196 1994 1995 1197)
4(1179 1198 1996 1977)
4(1197 1995 1996 1198)
4(1180 1199 1997 1978)
4(1198 1996 1997 1199)
4(1181 1200 1998 1979)
4(1199 1997 1998 1200)
4(1200 1998 1999 1201)
4(1183 1202 2000 1981)
4(566 737 2000 1202)
4(1184 1203 2001 1982)
4(1202 2000 2001 1203)
4(1185 1204 2002 1983)
4(1203 2001 2002 1204)
4(1186 1205 2003 1984)
4(1204 2002 2003 1205)
4(1187 1206 2004 1985)
4(1205 2003 2004 1206)
4(1188 1207 2005 1986)
4(1206 2004 2005 1207)
4(1189 1208 2006 1987)
4(1207 2005 2006 1208)
4(1190 1209 2007 1988)
4(1208 2006 2007 1209)
4(1191 1210 2008 1989)
4(1209 2007 2008 1210)
4(1192 1211 2009 1990)
4(1210 2008 2009 1211)
4(1193 1212 2010 1991)
4(1211 2009 2010 1212)
4(1194 1213 2011 1992)
4(1212 2010 2011 1213)
4(1195 1214 2012 1993)
4(1213 2011 2012 1214)
4(1196 1215 2013 1994)
4(1214 2012 2013 1215)
4(1197 1216 2014 1995)
4(1215 2013 2014 1216)
4(1198 1217 2015 1996)
4(1216 2014 2015 1217)
4(1199 1218 2016 1997)
4(1217 2015 2016 1218)
4(1200 1219 2017 1998)
4(1218 2016 2017 1219)
4(1219 2017 2018 1220)
4(1202 1221 2019 2000)
4(570 741 2019 1221)
4(1203 1222 2020 2001)
4(1221 2019 2020 1222)
4(1204 1223 2021 2002)
4(1222 2020 2021 1223)
4(1205 1224 2022 2003)
4(1223 2021 2022 1224)
4(1206 1225 2023 2004)
4(1224 2022 2023 1225)
4(1207 1226 2024 2005)
4(1225 2023 2024 1226)
4(1208 1227 2025 2006)
4(1226 2024 2025 1227)
4(1209 1228 2026 2007)
4(1227 2025 2026 1228)
4(1210 1229 2027 2008)
4(1228 2026 2027 1229)
4(1211 1230 2028 2009)
4(1229 2027 2028 1230)
4(1212 1231 2029 2010)
4(1230 2028 2029 1231)
4(1213 1232 2030 2011)
4(1231 2029 2030 1232)
4(1214 1233 2031 2012)
4(1232 2030 2031 1233)
4(1215 1234 2032 2013)
4(1233 2031 2032 1234)
4(1216 1235 2033 2014)
4(1234 2032 2033 1235)
4(1217 1236 2034 2015)
4(1235 2033 2034 1236)
4(1218 1237 2035 2016)
4(1236 2034 2035 1237)
4(1219 1238 2036 2017)
4(1237 2035 2036 1238)
4(1238 2036 2037 1239)
4(1221 1240 2038 2019)
4(574 745 2038 1240)
4(1222 1241 2039 2020)
4(1240 2038 2039 1241)
4(1223 1242 2040 2021)
4(1241 2039 2040 1242)
4(1224 1243 2041 2022)
4(1242 2040 2041 1243)
4(1225 1244 2042 2023)
4(1243 2041 2042 1244)
4(1226 1245 2043 2024)
4(1244 2042 2043 1245)
4(1227 1246 2044 2025)
4(1245 2043 2044 1246)
4(1228 1247 2045 2026)
4(1246 2044 2045 1247)
4(1229 1248 2046 2027)
4(1247 2045 2046 1248)
4(1230 1249 2047 2028)
4(1248 2046 2047 1249)
4(1231 1250 2048 2029)
4(1249 2047 2048 1250)
4(1232 1251 2049 2030)
4(1250 2048 2049 1251)
4(1233 1252 2050 2031)
4(1251 2049 2050 1252)
4(1234 1253 2051 2032)
4(1252 2050 2051 1253)
4(1235 1254 2052 2033)
4(1253 2051 2052 1254)
4(1236 1255 2053 2034)
4(1254 2052 2053 1255)
4(1237 1256 2054 2035)
4(1255 2053 2054 1256)
4(1238 1257 2055 2036)
4(1256 2054 2055 1257)
4(1257 2055 2056 1258)
4(1240 1259 2057 2038)
4(578 749 2057 1259)
4(1241 1260 2058 2039)
4(1259 2057 2058 1260)
4(1242 1261 2059 2040)
4(1260 2058 2059 1261)
4(1243 1262 2060 2041)
4(1261 2059 2060 1262)
4(1244 1263 2061 2042)
4(1262 2060 2061 1263)
4(1245 1264 2062 2043)
4(1263 2061 2062 1264)
4(1246 1265 2063 2044)
4(1264 2062 2063 1265)
4(1247 1266 2064 2045)
4(1265 2063 2064 1266)
4(1248 1267 2065 2046)
4(1266 2064 2065 1267)
4(1249 1268 2066 2047)
4(1267 2065 2066 1268)
4(1250 1269 2067 2048)
4(1268 2066 2067 1269)
4(1251 1270 2068 2049)
4(1269 2067 2068 1270)
4(1252 1271 2069 2050)
4(1270 2068 2069 1271)
4(1253 1272 2070 2051)
4(1271 2069 2070 1272)
4(1254 1273 2071 2052)
4(1272 2070 2071 1273)
4(1255 1274 2072 2053)
4(1273 2071 2072 1274)
4(1256 1275 2073 2054)
4(1274 2072 2073 1275)
4(1257 1276 2074 2055)
4(1275 2073 2074 1276)
4(1276 2074 2075 1277)
4(1259 1278 2076 2057)
4(582 753 2076 1278)
4(1260 1279 2077 2058)
4(1278 2076 2077 1279)
4(1261 1280 2078 2059)
4(1279 2077 2078 1280)
4(1262 1281 2079 2060)
4(1280 2078 2079 1281)
4(1263 1282 2080 2061)
4(1281 2079 2080 1282)
4(1264 1283 2081 2062)
4(1282 2080 2081 1283)
4(1265 1284 2082 2063)
4(1283 2081 2082 1284)
4(1266 1285 2083 2064)
4(1284 2082 2083 1285)
4(1267 1286 2084 2065)
4(1285 2083 2084 1286)
4(1268 1287 2085 2066)
4(1286 2084 2085 1287)
4(1269 1288 2086 2067)
4(1287 2085 2086 1288)
4(1270 1289 2087 2068)
4(1288 2086 2087 1289)
4(1271 1290 2088 2069)
4(1289 2087 2088 1290)
4(1272 1291 2089 2070)
4(1290 2088 2089 1291)
4(1273 1292 2090 2071)
4(1291 2089 2090 1292)
4(1274 1293 2091 2072)
4(1292 2090 2091 1293)
4(1275 1294 2092 2073)
4(1293 2091 2092 1294)
4(1276 1295 2093 2074)
4(1294 2092 2093 1295)
4(1295 2093 2094 1296)
4(1278 1297 2095 2076)
4(586 757 2095 1297)
4(1279 1298 2096 2077)
4(1297 2095 2096 1298)
4(1280 1299 2097 2078)
4(1298 2096 2097 1299)
4(1281 1300 2098 2079)
4(1299 2097 2098 1300)
4(1282 1301 2099 2080)
4(1300 2098 2099 1301)
4(1283 1302 2100 2081)
4(1301 2099 2100 1302)
4(1284 1303 2101 2082)
4(1302 2100 2101 1303)
4(1285 1304 2102 2083)
4(1303 2101 2102 1304)
4(1286 1305 2103 2084)
4(1304 2102 2103 1305)
4(1287 1306 2104 2085)
4(1305 2103 2104 1306)
4(1288 1307 2105 2086)
4(1306 2104 2105 1307)
4(1289 1308 2106 2087)
4(1307 2105 2106 1308)
4(1290 1309 2107 2088)
4(1308 2106 2107 1309)
4(1291 1310 2108 2089)
4(1309 2107 2108 1310)
4(1292 1311 2109 2090)
4(1310 2108 2109 1311)
4(1293 1312 2110 2091)
4(1311 2109 2110 1312)
4(1294 1313 2111 2092)
4(1312 2110 2111 1313)
4(1295 1314 2112 2093)
4(1313 2111 2112 1314)
4(1314 2112 2113 1315)
4(1297 1316 2114 2095)
4(590 761 2114 1316)
4(1298 1317 2115 2096)
4(1316 2114 2115 1317)
4(1299 1318 2116 2097)
4(1317 2115 2116 1318)
4(1300 1319 2117 2098)
4(1318 2116 2117 1319)
4(1301 1320 2118 2099)
4(1319 2117 2118 1320)
4(1302 1321 2119 2100)
4(1320 2118 2119 1321)
4(1303 1322 2120 2101)
4(1321 2119 2120 1322)
4(1304 1323 2121 2102)
4(1322 2120 2121 1323)
4(1305 1324 2122 2103)
4(1323 2121 2122 1324)
4(1306 1325 2123 2104)
4(1324 2122 2123 1325)
4(1307 1326 2124 2105)
4(1325 2123 2124 1326)
4(1308 1327 2125 2106)
4(1326 2124 2125 1327)
4(1309 1328 2126 2107)
4(1327 2125 2126 1328)
4(1310 1329 2127 2108)
4(1328 2126 2127 1329)
4(1311 1330 2128 2109)
4(1329 2127 2128 1330)
4(1312 1331 2129 2110)
4(1330 2128 2129 1331)
4(1313 1332 2130 2111)
4(1331 2129 2130 1332)
4(1314 1333 2131 2112)
4(1332 2130 2131 1333)
4(1333 2131 2132 1334)
4(1316 1335 2133 2114)
4(594 765 2133 1335)
4(1317 1336 2134 2115)
4(1335 2133 2134 1336)
4(1318 1337 2135 2116)
4(1336 2134 2135 1337)
4(1319 1338 2136 2117)
4(1337 2135 2136 1338)
4(1320 1339 2137 2118)
4(1338 2136 2137 1339)
4(1321 1340 2138 2119)
4(1339 2137 2138 1340)
4(1322 1341 2139 2120)
4(1340 2138 2139 1341)
4(1323 1342 2140 2121)
4(1341 2139 2140 1342)
4(1324 1343 2141 2122)
4(1342 2140 2141 1343)
4(1325 1344 2142 2123)
4(1343 2141 2142 1344)
4(1326 1345 2143 2124)
4(1344 2142 2143 1345)
4(1327 1346 2144 2125)
4(1345 2143 2144 1346)
4(1328 1347 2145 2126)
4(1346 2144 2145 1347)
4(1329 1348 2146 2127)
4(1347 2145 2146 1348)
4(1330 1349 2147 2128)
4(1348 2146 2147 1349)
4(1331 1350 2148 2129)
4(1349 2147 2148 1350)
4(1332 1351 2149 2130)
4(1350 2148 2149 1351)
4(1333 1352 2150 2131)
4(1351 2149 2150 1352)
4(1352 2150 2151 1353)
4(1335 1354 2152 2133)
4(598 769 2152 1354)
4(1336 1355 2153 2134)
4(1354 2152 2153 1355)
4(1337 1356 2154 2135)
4(1355 2153 2154 1356)
4(1338 1357 2155 2136)
4(1356 2154 2155 1357)
4(1339 1358 2156 2137)
4(1357 2155 2156 1358)
4(1340 1359 2157 2138)
4(1358 2156 2157 1359)
4(1341 1360 2158 2139)
4(1359 2157 2158 1360)
4(1342 1361 2159 2140)
4(1360 2158 2159 1361)
4(1343 1362 2160 2141)
4(1361 2159 2160 1362)
4(1344 1363 2161 2142)
4(1362 2160 2161 1363)
4(1345 1364 2162 2143)
4(1363 2161 2162 1364)
4(1346 1365 2163 2144)
4(1364 2162 2163 1365)
4(1347 1366 2164 2145)
4(1365 2163 2164 1366)
4(1348 1367 2165 2146)
4(1366 2164 2165 1367)
4(1349 1368 2166 2147)
4(1367 2165 2166 1368)
4(1350 1369 2167 2148)
4(1368 2166 2167 1369)
4(1351 1370 2168 2149)
4(1369 2167 2168 1370)
4(1352 1371 2169 2150)
4(1370 2168 2169 1371)
4(1371 2169 2170 1372)
4(1354 1373 2171 2152)
4(602 773 2171 1373)
4(1355 1374 2172 2153)
4(1373 2171 2172 1374)
4(1356 1375 2173 2154)
4(1374 2172 2173 1375)
4(1357 1376 2174 2155)
4(1375 2173 2174 1376)
4(1358 1377 2175 2156)
4(1376 2174 2175 1377)
4(1359 1378 2176 2157)
4(1377 2175 2176 1378)
4(1360 1379 2177 2158)
4(1378 2176 2177 1379)
4(1361 1380 2178 2159)
4(1379 2177 2178 1380)
4(1362 1381 2179 2160)
4(1380 2178 2179 1381)
4(1363 1382 2180 2161)
4(1381 2179 2180 1382)
4(1364 1383 2181 2162)
4(1382 2180 2181 1383)
4(1365 1384 2182 2163)
4(1383 2181 2182 1384)
4(1366 1385 2183 2164)
4(1384 2182 2183 1385)
4(1367 1386 2184 2165)
4(1385 2183 2184 1386)
4(1368 1387 2185 2166)
4(1386 2184 2185 1387)
4(1369 1388 2186 2167)
4(1387 2185 2186 1388)
4(1370 1389 2187 2168)
4(1388 2186 2187 1389)
4(1371 1390 2188 2169)
4(1389 2187 2188 1390)
4(1390 2188 2189 1391)
4(1373 1392 2190 2171)
4(606 777 2190 1392)
4(1374 1393 2191 2172)
4(1392 2190 2191 1393)
4(1375 1394 2192 2173)
4(1393 2191 2192 1394)
4(1376 1395 2193 2174)
4(1394 2192 2193 1395)
4(1377 1396 2194 2175)
4(1395 2193 2194 1396)
4(1378 1397 2195 2176)
4(1396 2194 2195 1397)
4(1379 1398 2196 2177)
4(1397 2195 2196 1398)
4(1380 1399 2197 2178)
4(1398 2196 2197 1399)
4(1381 1400 2198 2179)
4(1399 2197 2198 1400)
4(1382 1401 2199 2180)
4(1400 2198 2199 1401)
4(1383 1402 2200 2181)
4(1401 2199 2200 1402)
4(1384 1403 2201 2182)
4(1402 2200 2201 1403)
4(1385 1404 2202 2183)
4(1403 2201 2202 1404)
4(1386 1405 2203 2184)
4(1404 2202 2203 1405)
4(1387 1406 2204 2185)
4(1405 2203 2204 1406)
4(1388 1407 2205 2186)
4(1406 2204 2205 1407)
4(1389 1408 2206 2187)
4(1407 2205 2206 1408)
4(1390 1409 2207 2188)
4(1408 2206 2207 1409)
4(1409 2207 2208 1410)
4(1392 1411 2209 2190)
4(610 781 2209 1411)
4(1393 1412 2210 2191)
4(1411 2209 2210 1412)
4(1394 1413 2211 2192)
4(1412 2210 2211 1413)
4(1395 1414 2212 2193)
4(1413 2211 2212 1414)
4(1396 1415 2213 2194)
4(1414 2212 2213 1415)
4(1397 1416 2214 2195)
4(1415 2213 2214 1416)
4(1398 1417 2215 2196)
4(1416 2214 2215 1417)
4(1399 1418 2216 2197)
4(1417 2215 2216 1418)
4(1400 1419 2217 2198)
4(1418 2216 2217 1419)
4(1401 1420 2218 2199)
4(1419 2217 2218 1420)
4(1402 1421 2219 2200)
4(1420 2218 2219 1421)
4(1403 1422 2220 2201)
4(1421 2219 2220 1422)
4(1404 1423 2221 2202)
4(1422 2220 2221 1423)
4(1405 1424 2222 2203)
4(1423 2221 2222 1424)
4(1406 1425 2223 2204)
4(1424 2222 2223 1425)
4(1407 1426 2224 2205)
4(1425 2223 2224 1426)
4(1408 1427 2225 2206)
4(1426 2224 2225 1427)
4(1409 1428 2226 2207)
4(1427 2225 2226 1428)
4(1428 2226 2227 1429)
4(1411 1430 2228 2209)
4(614 785 2228 1430)
4(1412 1431 2229 2210)
4(1430 2228 2229 1431)
4(1413 1432 2230 2211)
4(1431 2229 2230 1432)
4(1414 1433 2231 2212)
4(1432 2230 2231 1433)
4(1415 1434 2232 2213)
4(1433 2231 2232 1434)
4(1416 1435 2233 2214)
4(1434 2232 2233 1435)
4(1417 1436 2234 2215)
4(1435 2233 2234 1436)
4(1418 1437 2235 2216)
4(1436 2234 2235 1437)
4(1419 1438 2236 2217)
4(1437 2235 2236 1438)
4(1420 1439 2237 2218)
4(1438 2236 2237 1439)
4(1421 1440 2238 2219)
4(1439 2237 2238 1440)
4(1422 1441 2239 2220)
4(1440 2238 2239 1441)
4(1423 1442 2240 2221)
4(1441 2239 2240 1442)
4(1424 1443 2241 2222)
4(1442 2240 2241 1443)
4(1425 1444 2242 2223)
4(1443 2241 2242 1444)
4(1426 1445 2243 2224)
4(1444 2242 2243 1445)
4(1427 1446 2244 2225)
4(1445 2243 2244 1446)
4(1428 1447 2245 2226)
4(1446 2244 2245 1447)
4(1447 2245 2246 1448)
4(1430 1449 2247 2228)
4(618 789 2247 1449)
4(1431 1450 2248 2229)
4(1449 2247 2248 1450)
4(1432 1451 2249 2230)
4(1450 2248 2249 1451)
4(1433 1452 2250 2231)
4(1451 2249 2250 1452)
4(1434 1453 2251 2232)
4(1452 2250 2251 1453)
4(1435 1454 2252 2233)
4(1453 2251 2252 1454)
4(1436 1455 2253 2234)
4(1454 2252 2253 1455)
4(1437 1456 2254 2235)
4(1455 2253 2254 1456)
4(1438 1457 2255 2236)
4(1456 2254 2255 1457)
4(1439 1458 2256 2237)
4(1457 2255 2256 1458)
4(1440 1459 2257 2238)
4(1458 2256 2257 1459)
4(1441 1460 2258 2239)
4(1459 2257 2258 1460)
4(1442 1461 2259 2240)
4(1460 2258 2259 1461)
4(1443 1462 2260 2241)
4(1461 2259 2260 1462)
4(1444 1463 2261 2242)
4(1462 2260 2261 1463)
4(1445 1464 2262 2243)
4(1463 2261 2262 1464)
4(1446 1465 2263 2244)
4(1464 2262 2263 1465)
4(1447 1466 2264 2245)
4(1465 2263 2264 1466)
4(1466 2264 2265 1467)
4(1449 1468 2266 2247)
4(622 793 2266 1468)
4(1450 1469 2267 2248)
4(1468 2266 2267 1469)
4(1451 1470 2268 2249)
4(1469 2267 2268 1470)
4(1452 1471 2269 2250)
4(1470 2268 2269 1471)
4(1453 1472 2270 2251)
4(1471 2269 2270 1472)
4(1454 1473 2271 2252)
4(1472 2270 2271 1473)
4(1455 1474 2272 2253)
4(1473 2271 2272 1474)
4(1456 1475 2273 2254)
4(1474 2272 2273 1475)
4(1457 1476 2274 2255)
4(1475 2273 2274 1476)
4(1458 1477 2275 2256)
4(1476 2274 2275 1477)
4(1459 1478 2276 2257)
4(1477 2275 2276 1478)
4(1460 1479 2277 2258)
4(1478 2276 2277 1479)
4(1461 1480 2278 2259)
4(1479 2277 2278 1480)
4(1462 1481 2279 2260)
4(1480 2278 2279 1481)
4(1463 1482 2280 2261)
4(1481 2279 2280 1482)
4(1464 1483 2281 2262)
4(1482 2280 2281 1483)
4(1465 1484 2282 2263)
4(1483 2281 2282 1484)
4(1466 1485 2283 2264)
4(1484 2282 2283 1485)
4(1485 2283 2284 1486)
4(1468 1487 2285 2266)
4(626 797 2285 1487)
4(1469 1488 2286 2267)
4(1487 2285 2286 1488)
4(1470 1489 2287 2268)
4(1488 2286 2287 1489)
4(1471 1490 2288 2269)
4(1489 2287 2288 1490)
4(1472 1491 2289 2270)
4(1490 2288 2289 1491)
4(1473 1492 2290 2271)
4(1491 2289 2290 1492)
4(1474 1493 2291 2272)
4(1492 2290 2291 1493)
4(1475 1494 2292 2273)
4(1493 2291 2292 1494)
4(1476 1495 2293 2274)
4(1494 2292 2293 1495)
4(1477 1496 2294 2275)
4(1495 2293 2294 1496)
4(1478 1497 2295 2276)
4(1496 2294 2295 1497)
4(1479 1498 2296 2277)
4(1497 2295 2296 1498)
4(1480 1499 2297 2278)
4(1498 2296 2297 1499)
4(1481 1500 2298 2279)
4(1499 2297 2298 1500)
4(1482 1501 2299 2280)
4(1500 2298 2299 1501)
4(1483 1502 2300 2281)
4(1501 2299 2300 1502)
4(1484 1503 2301 2282)
4(1502 2300 2301 1503)
4(1485 1504 2302 2283)
4(1503 2301 2302 1504)
4(1504 2302 2303 1505)
4(1487 1506 2304 2285)
4(630 801 2304 1506)
4(1488 1507 2305 2286)
4(1506 2304 2305 1507)
4(1489 1508 2306 2287)
4(1507 2305 2306 1508)
4(1490 1509 2307 2288)
4(1508 2306 2307 1509)
4(1491 1510 2308 2289)
4(1509 2307 2308 1510)
4(1492 1511 2309 2290)
4(1510 2308 2309 1511)
4(1493 1512 2310 2291)
4(1511 2309 2310 1512)
4(1494 1513 2311 2292)
4(1512 2310 2311 1513)
4(1495 1514 2312 2293)
4(1513 2311 2312 1514)
4(1496 1515 2313 2294)
4(1514 2312 2313 1515)
4(1497 1516 2314 2295)
4(1515 2313 2314 1516)
4(1498 1517 2315 2296)
4(1516 2314 2315 1517)
4(1499 1518 2316 2297)
4(1517 2315 2316 1518)
4(1500 1519 2317 2298)
4(1518 2316 2317 1519)
4(1501 1520 2318 2299)
4(1519 2317 2318 1520)
4(1502 1521 2319 2300)
4(1520 2318 2319 1521)
4(1503 1522 2320 2301)
4(1521 2319 2320 1522)
4(1504 1523 2321 2302)
4(1522 2320 2321 1523)
4(1523 2321 2322 1524)
4(1506 1525 2323 2304)
4(634 805 2323 1525)
4(1507 1526 2324 2305)
4(1525 2323 2324 1526)
4(1508 1527 2325 2306)
4(1526 2324 2325 1527)
4(1509 1528 2326 2307)
4(1527 2325 2326 1528)
4(1510 1529 2327 2308)
4(1528 2326 2327 1529)
4(1511 1530 2328 2309)
4(1529 2327 2328 1530)
4(1512 1531 2329 2310)
4(1530 2328 2329 1531)
4(1513 1532 2330 2311)
4(1531 2329 2330 1532)
4(1514 1533 2331 2312)
4(1532 2330 2331 1533)
4(1515 1534 2332 2313)
4(1533 2331 2332 1534)
4(1516 1535 2333 2314)
4(1534 2332 2333 1535)
4(1517 1536 2334 2315)
4(1535 2333 2334 1536)
4(1518 1537 2335 2316)
4(1536 2334 2335 1537)
4(1519 1538 2336 2317)
4(1537 2335 2336 1538)
4(1520 1539 2337 2318)
4(1538 2336 2337 1539)
4(1521 1540 2338 2319)
4(1539 2337 2338 1540)
4(1522 1541 2339 2320)
4(1540 2338 2339 1541)
4(1523 1542 2340 2321)
4(1541 2339 2340 1542)
4(1542 2340 2341 1543)
4(1525 1544 2342 2323)
4(638 809 2342 1544)
4(1526 1545 2343 2324)
4(1544 2342 2343 1545)
4(1527 1546 2344 2325)
4(1545 2343 2344 1546)
4(1528 1547 2345 2326)
4(1546 2344 2345 1547)
4(1529 1548 2346 2327)
4(1547 2345 2346 1548)
4(1530 1549 2347 2328)
4(1548 2346 2347 1549)
4(1531 1550 2348 2329)
4(1549 2347 2348 1550)
4(1532 1551 2349 2330)
4(1550 2348 2349 1551)
4(1533 1552 2350 2331)
4(1551 2349 2350 1552)
4(1534 1553 2351 2332)
4(1552 2350 2351 1553)
4(1535 1554 2352 2333)
4(1553 2351 2352 1554)
4(1536 1555 2353 2334)
4(1554 2352 2353 1555)
4(1537 1556 2354 2335)
4(1555 2353 2354 1556)
4(1538 1557 2355 2336)
4(1556 2354 2355 1557)
4(1539 1558 2356 2337)
4(1557 2355 2356 1558)
4(1540 1559 2357 2338)
4(1558 2356 2357 1559)
4(1541 1560 2358 2339)
4(1559 2357 2358 1560)
4(1542 1561 2359 2340)
4(1560 2358 2359 1561)
4(1561 2359 2360 1562)
4(1544 1563 2361 2342)
4(642 813 2361 1563)
4(1545 1564 2362 2343)
4(1563 2361 2362 1564)
4(1546 1565 2363 2344)
4(1564 2362 2363 1565)
4(1547 1566 2364 2345)
4(1565 2363 2364 1566)
4(1548 1567 2365 2346)
4(1566 2364 2365 1567)
4(1549 1568 2366 2347)
4(1567 2365 2366 1568)
4(1550 1569 2367 2348)
4(1568 2366 2367 1569)
4(1551 1570 2368 2349)
4(1569 2367 2368 1570)
4(1552 1571 2369 2350)
4(1570 2368 2369 1571)
4(1553 1572 2370 2351)
4(1571 2369 2370 1572)
4(1554 1573 2371 2352)
4(1572 2370 2371 1573)
4(1555 1574 2372 2353)
4(1573 2371 2372 1574)
4(1556 1575 2373 2354)
4(1574 2372 2373 1575)
4(1557 1576 2374 2355)
4(1575 2373 2374 1576)
4(1558 1577 2375 2356)
4(1576 2374 2375 1577)
4(1559 1578 2376 2357)
4(1577 2375 2376 1578)
4(1560 1579 2377 2358)
4(1578 2376 2377 1579)
4(1561 1580 2378 2359)
4(1579 2377 2378 1580)
4(1580 2378 2379 1581)
4(1563 1582 2380 2361)
4(646 817 2380 1582)
4(1564 1583 2381 2362)
4(1582 2380 2381 1583)
4(1565 1584 2382 2363)
4(1583 2381 2382 1584)
4(1566 1585 2383 2364)
4(1584 2382 2383 1585)
4(1567 1586 2384 2365)
4(1585 2383 2384 1586)
4(1568 1587 2385 2366)
4(1586 2384 2385 1587)
4(1569 1588 2386 2367)
4(1587 2385 2386 1588)
4(1570 1589 2387 2368)
4(1588 2386 2387 1589)
4(1571 1590 2388 2369)
4(1589 2387 2388 1590)
4(1572 1591 2389 2370)
4(1590 2388 2389 1591)
4(1573 1592 2390 2371)
4(1591 2389 2390 1592)
4(1574 1593 2391 2372)
4(1592 2390 2391 1593)
4(1575 1594 2392 2373)
4(1593 2391 2392 1594)
4(1576 1595 2393 2374)
4(1594 2392 2393 1595)
4(1577 1596 2394 2375)
4(1595 2393 2394 1596)
4(1578 1597 2395 2376)
4(1596 2394 2395 1597)
4(1579 1598 2396 2377)
4(1597 2395 2396 1598)
4(1580 1599 2397 2378)
4(1598 2396 2397 1599)
4(1599 2397 2398 1600)
4(1582 1601 2399 2380)
4(1583 1602 2400 2381)
4(1584 1603 2401 2382)
4(1585 1604 2402 2383)
4(1586 1605 2403 2384)
4(1587 1606 2404 2385)
4(1588 1607 2405 2386)
4(1589 1608 2406 2387)
4(1590 1609 2407 2388)
4(1591 1610 2408 2389)
4(1592 1611 2409 2390)
4(1593 1612 2410 2391)
4(1594 1613 2411 2392)
4(1595 1614 2412 2393)
4(1596 1615 2413 2394)
4(1597 1616 2414 2395)
4(1598 1617 2415 2396)
4(1599 1618 2416 2397)
4(21 41 221 201)
4(41 61 241 221)
4(61 81 261 241)
4(81 101 281 261)
4(101 121 301 281)
4(121 141 321 301)
4(141 161 341 321)
4(161 181 361 341)
4(181 840 1638 361)
4(840 859 1657 1638)
4(859 878 1676 1657)
4(878 897 1695 1676)
4(897 916 1714 1695)
4(916 935 1733 1714)
4(935 954 1752 1733)
4(954 973 1771 1752)
4(973 992 1790 1771)
4(992 1011 1809 1790)
4(1011 1030 1828 1809)
4(1030 1049 1847 1828)
4(1049 1068 1866 1847)
4(1068 1087 1885 1866)
4(1087 1106 1904 1885)
4(1106 1125 1923 1904)
4(1125 1144 1942 1923)
4(1144 1163 1961 1942)
4(1163 1182 1980 1961)
4(1182 1201 1999 1980)
4(1201 1220 2018 1999)
4(1220 1239 2037 2018)
4(1239 1258 2056 2037)
4(1258 1277 2075 2056)
4(1277 1296 2094 2075)
4(1296 1315 2113 2094)
4(1315 1334 2132 2113)
4(1334 1353 2151 2132)
4(1353 1372 2170 2151)
4(1372 1391 2189 2170)
4(1391 1410 2208 2189)
4(1410 1429 2227 2208)
4(1429 1448 2246 2227)
4(1448 1467 2265 2246)
4(1467 1486 2284 2265)
4(1486 1505 2303 2284)
4(1505 1524 2322 2303)
4(1524 1543 2341 2322)
4(1543 1562 2360 2341)
4(1562 1581 2379 2360)
4(1581 1600 2398 2379)
4(1600 1619 2417 2398)
4(0 480 651 1)
4(480 481 652 651)
4(481 482 653 652)
4(482 162 342 653)
4(2 182 202 22)
4(22 202 222 42)
4(42 222 242 62)
4(62 242 262 82)
4(82 262 282 102)
4(102 282 302 122)
4(122 302 322 142)
4(142 322 342 162)
4(2 3 183 182)
4(3 4 184 183)
4(4 5 185 184)
4(5 6 186 185)
4(6 7 187 186)
4(7 8 188 187)
4(8 9 189 188)
4(9 10 190 189)
4(10 11 191 190)
4(11 12 192 191)
4(12 13 193 192)
4(13 14 194 193)
4(14 15 195 194)
4(15 16 196 195)
4(16 17 197 196)
4(17 18 198 197)
4(18 19 199 198)
4(19 20 200 199)
4(20 21 201 200)
4(419 478 479 420)
4(420 479 818 647)
4(647 818 819 648)
4(648 819 820 649)
4(649 820 821 650)
4(650 821 2399 1601)
4(1601 2399 2400 1602)
4(1602 2400 2401 1603)
4(1603 2401 2402 1604)
4(1604 2402 2403 1605)
4(1605 2403 2404 1606)
4(1606 2404 2405 1607)
4(1607 2405 2406 1608)
4(1608 2406 2407 1609)
4(1609 2407 2408 1610)
4(1610 2408 2409 1611)
4(1611 2409 2410 1612)
4(1612 2410 2411 1613)
4(1613 2411 2412 1614)
4(1614 2412 2413 1615)
4(1615 2413 2414 1616)
4(1616 2414 2415 1617)
4(1617 2415 2416 1618)
4(1618 2416 2417 1619)
4(2 22 23 3)
4(22 42 43 23)
4(42 62 63 43)
4(62 82 83 63)
4(82 102 103 83)
4(102 122 123 103)
4(122 142 143 123)
4(142 162 163 143)
4(3 23 24 4)
4(23 43 44 24)
4(43 63 64 44)
4(63 83 84 64)
4(83 103 104 84)
4(103 123 124 104)
4(123 143 144 124)
4(143 163 164 144)
4(4 24 25 5)
4(24 44 45 25)
4(44 64 65 45)
4(64 84 85 65)
4(84 104 105 85)
4(104 124 125 105)
4(124 144 145 125)
4(144 164 165 145)
4(5 25 26 6)
4(25 45 46 26)
4(45 65 66 46)
4(65 85 86 66)
4(85 105 106 86)
4(105 125 126 106)
4(125 145 146 126)
4(145 165 166 146)
4(6 26 27 7)
4(26 46 47 27)
4(46 66 67 47)
4(66 86 87 67)
4(86 106 107 87)
4(106 126 127 107)
4(126 146 147 127)
4(146 166 167 147)
4(7 27 28 8)
4(27 47 48 28)
4(47 67 68 48)
4(67 87 88 68)
4(87 107 108 88)
4(107 127 128 108)
4(127 147 148 128)
4(147 167 168 148)
4(8 28 29 9)
4(28 48 49 29)
4(48 68 69 49)
4(68 88 89 69)
4(88 108 109 89)
4(108 128 129 109)
4(128 148 149 129)
4(148 168 169 149)
4(9 29 30 10)
4(29 49 50 30)
4(49 69 70 50)
4(69 89 90 70)
4(89 109 110 90)
4(109 129 130 110)
4(129 149 150 130)
4(149 169 170 150)
4(10 30 31 11)
4(30 50 51 31)
4(50 70 71 51)
4(70 90 91 71)
4(90 110 111 91)
4(110 130 131 111)
4(130 150 151 131)
4(150 170 171 151)
4(11 31 32 12)
4(31 51 52 32)
4(51 71 72 52)
4(71 91 92 72)
4(91 111 112 92)
4(111 131 132 112)
4(131 151 152 132)
4(151 171 172 152)
4(12 32 33 13)
4(32 52 53 33)
4(52 72 73 53)
4(72 92 93 73)
4(92 112 113 93)
4(112 132 133 113)
4(132 152 153 133)
4(152 172 173 153)
4(13 33 34 14)
4(33 53 54 34)
4(53 73 74 54)
4(73 93 94 74)
4(93 113 114 94)
4(113 133 134 114)
4(133 153 154 134)
4(153 173 174 154)
4(14 34 35 15)
4(34 54 55 35)
4(54 74 75 55)
4(74 94 95 75)
4(94 114 115 95)
4(114 134 135 115)
4(134 154 155 135)
4(154 174 175 155)
4(15 35 36 16)
4(35 55 56 36)
4(55 75 76 56)
4(75 95 96 76)
4(95 115 116 96)
4(115 135 136 116)
4(135 155 156 136)
4(155 175 176 156)
4(16 36 37 17)
4(36 56 57 37)
4(56 76 77 57)
4(76 96 97 77)
4(96 116 117 97)
4(116 136 137 117)
4(136 156 157 137)
4(156 176 177 157)
4(17 37 38 18)
4(37 57 58 38)
4(57 77 78 58)
4(77 97 98 78)
4(97 117 118 98)
4(117 137 138 118)
4(137 157 158 138)
4(157 177 178 158)
4(18 38 39 19)
4(38 58 59 39)
4(58 78 79 59)
4(78 98 99 79)
4(98 118 119 99)
4(118 138 139 119)
4(138 158 159 139)
4(158 178 179 159)
4(19 39 40 20)
4(39 59 60 40)
4(59 79 80 60)
4(79 99 100 80)
4(99 119 120 100)
4(119 139 140 120)
4(139 159 160 140)
4(159 179 180 160)
4(20 40 41 21)
4(40 60 61 41)
4(60 80 81 61)
4(80 100 101 81)
4(100 120 121 101)
4(120 140 141 121)
4(140 160 161 141)
4(160 180 181 161)
4(182 183 203 202)
4(202 203 223 222)
4(222 223 243 242)
4(242 243 263 262)
4(262 263 283 282)
4(282 283 303 302)
4(302 303 323 322)
4(322 323 343 342)
4(183 184 204 203)
4(203 204 224 223)
4(223 224 244 243)
4(243 244 264 263)
4(263 264 284 283)
4(283 284 304 303)
4(303 304 324 323)
4(323 324 344 343)
4(184 185 205 204)
4(204 205 225 224)
4(224 225 245 244)
4(244 245 265 264)
4(264 265 285 284)
4(284 285 305 304)
4(304 305 325 324)
4(324 325 345 344)
4(185 186 206 205)
4(205 206 226 225)
4(225 226 246 245)
4(245 246 266 265)
4(265 266 286 285)
4(285 286 306 305)
4(305 306 326 325)
4(325 326 346 345)
4(186 187 207 206)
4(206 207 227 226)
4(226 227 247 246)
4(246 247 267 266)
4(266 267 287 286)
4(286 287 307 306)
4(306 307 327 326)
4(326 327 347 346)
4(187 188 208 207)
4(207 208 228 227)
4(227 228 248 247)
4(247 248 268 267)
4(267 268 288 287)
4(287 288 308 307)
4(307 308 328 327)
4(327 328 348 347)
4(188 189 209 208)
4(208 209 229 228)
4(228 229 249 248)
4(248 249 269 268)
4(268 269 289 288)
4(288 289 309 308)
4(308 309 329 328)
4(328 329 349 348)
4(189 190 210 209)
4(209 210 230 229)
4(229 230 250 249)
4(249 250 270 269)
4(269 270 290 289)
4(289 290 310 309)
4(309 310 330 329)
4(329 330 350 349)
4(190 191 211 210)
4(210 211 231 230)
4(230 231 251 250)
4(250 251 271 270)
4(270 271 291 290)
4(290 291 311 310)
4(310 311 331 330)
4(330 331 351 350)
4(191 192 212 211)
4(211 212 232 231)
4(231 232 252 251)
4(251 252 272 271)
4(271 272 292 291)
4(291 292 312 311)
4(311 312 332 331)
4(331 332 352 351)
4(192 193 213 212)
4(212 213 233 232)
4(232 233 253 252)
4(252 253 273 272)
4(272 273 293 292)
4(292 293 313 312)
4(312 313 333 332)
4(332 333 353 352)
4(193 194 214 213)
4(213 214 234 233)
4(233 234 254 253)
4(253 254 274 273)
4(273 274 294 293)
4(293 294 314 313)
4(313 314 334 333)
4(333 334 354 353)
4(194 195 215 214)
4(214 215 235 234)
4(234 235 255 254)
4(254 255 275 274)
4(274 275 295 294)
4(294 295 315 314)
4(314 315 335 334)
4(334 335 355 354)
4(195 196 216 215)
4(215 216 236 235)
4(235 236 256 255)
4(255 256 276 275)
4(275 276 296 295)
4(295 296 316 315)
4(315 316 336 335)
4(335 336 356 355)
4(196 197 217 216)
4(216 217 237 236)
4(236 237 257 256)
4(256 257 277 276)
4(276 277 297 296)
4(296 297 317 316)
4(316 317 337 336)
4(336 337 357 356)
4(197 198 218 217)
4(217 218 238 237)
4(237 238 258 257)
4(257 258 278 277)
4(277 278 298 297)
4(297 298 318 317)
4(317 318 338 337)
4(337 338 358 357)
4(198 199 219 218)
4(218 219 239 238)
4(238 239 259 258)
4(258 259 279 278)
4(278 279 299 298)
4(298 299 319 318)
4(318 319 339 338)
4(338 339 359 358)
4(199 200 220 219)
4(219 220 240 239)
4(239 240 260 259)
4(259 260 280 279)
4(279 280 300 299)
4(299 300 320 319)
4(319 320 340 339)
4(339 340 360 359)
4(200 201 221 220)
4(220 221 241 240)
4(240 241 261 260)
4(260 261 281 280)
4(280 281 301 300)
4(300 301 321 320)
4(320 321 341 340)
4(340 341 361 360)
4(387 389 390 388)
4(389 391 392 390)
4(391 393 394 392)
4(393 395 396 394)
4(395 397 398 396)
4(397 399 400 398)
4(399 401 402 400)
4(401 403 404 402)
4(403 405 406 404)
4(405 407 408 406)
4(407 409 410 408)
4(409 411 412 410)
4(411 413 414 412)
4(413 415 416 414)
4(415 417 418 416)
4(417 419 420 418)
4(446 447 449 448)
4(448 449 451 450)
4(450 451 453 452)
4(452 453 455 454)
4(454 455 457 456)
4(456 457 459 458)
4(458 459 461 460)
4(460 461 463 462)
4(462 463 465 464)
4(464 465 467 466)
4(466 467 469 468)
4(468 469 471 470)
4(470 471 473 472)
4(472 473 475 474)
4(474 475 477 476)
4(476 477 479 478)
4(0 362 483 480)
4(362 363 487 483)
4(363 364 491 487)
4(364 365 495 491)
4(365 366 499 495)
4(366 367 503 499)
4(367 368 507 503)
4(368 369 511 507)
4(369 370 515 511)
4(370 371 519 515)
4(371 372 523 519)
4(372 373 527 523)
4(373 374 531 527)
4(374 375 535 531)
4(375 376 539 535)
4(376 377 543 539)
4(377 378 547 543)
4(378 379 551 547)
4(379 380 555 551)
4(380 381 559 555)
4(381 382 563 559)
4(382 383 567 563)
4(383 384 571 567)
4(384 385 575 571)
4(385 386 579 575)
4(386 388 583 579)
4(388 390 587 583)
4(390 392 591 587)
4(392 394 595 591)
4(394 396 599 595)
4(396 398 603 599)
4(398 400 607 603)
4(400 402 611 607)
4(402 404 615 611)
4(404 406 619 615)
4(406 408 623 619)
4(408 410 627 623)
4(410 412 631 627)
4(412 414 635 631)
4(414 416 639 635)
4(416 418 643 639)
4(418 420 647 643)
4(480 483 484 481)
4(483 487 488 484)
4(487 491 492 488)
4(491 495 496 492)
4(495 499 500 496)
4(499 503 504 500)
4(503 507 508 504)
4(507 511 512 508)
4(511 515 516 512)
4(515 519 520 516)
4(519 523 524 520)
4(523 527 528 524)
4(527 531 532 528)
4(531 535 536 532)
4(535 539 540 536)
4(539 543 544 540)
4(543 547 548 544)
4(547 551 552 548)
4(551 555 556 552)
4(555 559 560 556)
4(559 563 564 560)
4(563 567 568 564)
4(567 571 572 568)
4(571 575 576 572)
4(575 579 580 576)
4(579 583 584 580)
4(583 587 588 584)
4(587 591 592 588)
4(591 595 596 592)
4(595 599 600 596)
4(599 603 604 600)
4(603 607 608 604)
4(607 611 612 608)
4(611 615 616 612)
4(615 619 620 616)
4(619 623 624 620)
4(623 627 628 624)
4(627 631 632 628)
4(631 635 636 632)
4(635 639 640 636)
4(639 643 644 640)
4(643 647 648 644)
4(481 484 485 482)
4(484 488 489 485)
4(488 492 493 489)
4(492 496 497 493)
4(496 500 501 497)
4(500 504 505 501)
4(504 508 509 505)
4(508 512 513 509)
4(512 516 517 513)
4(516 520 521 517)
4(520 524 525 521)
4(524 528 529 525)
4(528 532 533 529)
4(532 536 537 533)
4(536 540 541 537)
4(540 544 545 541)
4(544 548 549 545)
4(548 552 553 549)
4(552 556 557 553)
4(556 560 561 557)
4(560 564 565 561)
4(564 568 569 565)
4(568 572 573 569)
4(572 576 577 573)
4(576 580 581 577)
4(580 584 585 581)
4(584 588 589 585)
4(588 592 593 589)
4(592 596 597 593)
4(596 600 601 597)
4(600 604 605 601)
4(604 608 609 605)
4(608 612 613 609)
4(612 616 617 613)
4(616 620 621 617)
4(620 624 625 621)
4(624 628 629 625)
4(628 632 633 629)
4(632 636 637 633)
4(636 640 641 637)
4(640 644 645 641)
4(644 648 649 645)
4(482 485 486 162)
4(485 489 490 486)
4(489 493 494 490)
4(493 497 498 494)
4(497 501 502 498)
4(501 505 506 502)
4(505 509 510 506)
4(509 513 514 510)
4(513 517 518 514)
4(517 521 522 518)
4(521 525 526 522)
4(525 529 530 526)
4(529 533 534 530)
4(533 537 538 534)
4(537 541 542 538)
4(541 545 546 542)
4(545 549 550 546)
4(549 553 554 550)
4(553 557 558 554)
4(557 561 562 558)
4(561 565 566 562)
4(565 569 570 566)
4(569 573 574 570)
4(573 577 578 574)
4(577 581 582 578)
4(581 585 586 582)
4(585 589 590 586)
4(589 593 594 590)
4(593 597 598 594)
4(597 601 602 598)
4(601 605 606 602)
4(605 609 610 606)
4(609 613 614 610)
4(613 617 618 614)
4(617 621 622 618)
4(621 625 626 622)
4(625 629 630 626)
4(629 633 634 630)
4(633 637 638 634)
4(637 641 642 638)
4(641 645 646 642)
4(645 649 650 646)
4(1 651 654 421)
4(421 654 658 422)
4(422 658 662 423)
4(423 662 666 424)
4(424 666 670 425)
4(425 670 674 426)
4(426 674 678 427)
4(427 678 682 428)
4(428 682 686 429)
4(429 686 690 430)
4(430 690 694 431)
4(431 694 698 432)
4(432 698 702 433)
4(433 702 706 434)
4(434 706 710 435)
4(435 710 714 436)
4(436 714 718 437)
4(437 718 722 438)
4(438 722 726 439)
4(439 726 730 440)
4(440 730 734 441)
4(441 734 738 442)
4(442 738 742 443)
4(443 742 746 444)
4(444 746 750 445)
4(445 750 754 447)
4(447 754 758 449)
4(449 758 762 451)
4(451 762 766 453)
4(453 766 770 455)
4(455 770 774 457)
4(457 774 778 459)
4(459 778 782 461)
4(461 782 786 463)
4(463 786 790 465)
4(465 790 794 467)
4(467 794 798 469)
4(469 798 802 471)
4(471 802 806 473)
4(473 806 810 475)
4(475 810 814 477)
4(477 814 818 479)
4(651 652 655 654)
4(654 655 659 658)
4(658 659 663 662)
4(662 663 667 666)
4(666 667 671 670)
4(670 671 675 674)
4(674 675 679 678)
4(678 679 683 682)
4(682 683 687 686)
4(686 687 691 690)
4(690 691 695 694)
4(694 695 699 698)
4(698 699 703 702)
4(702 703 707 706)
4(706 707 711 710)
4(710 711 715 714)
4(714 715 719 718)
4(718 719 723 722)
4(722 723 727 726)
4(726 727 731 730)
4(730 731 735 734)
4(734 735 739 738)
4(738 739 743 742)
4(742 743 747 746)
4(746 747 751 750)
4(750 751 755 754)
4(754 755 759 758)
4(758 759 763 762)
4(762 763 767 766)
4(766 767 771 770)
4(770 771 775 774)
4(774 775 779 778)
4(778 779 783 782)
4(782 783 787 786)
4(786 787 791 790)
4(790 791 795 794)
4(794 795 799 798)
4(798 799 803 802)
4(802 803 807 806)
4(806 807 811 810)
4(810 811 815 814)
4(814 815 819 818)
4(652 653 656 655)
4(655 656 660 659)
4(659 660 664 663)
4(663 664 668 667)
4(667 668 672 671)
4(671 672 676 675)
4(675 676 680 679)
4(679 680 684 683)
4(683 684 688 687)
4(687 688 692 691)
4(691 692 696 695)
4(695 696 700 699)
4(699 700 704 703)
4(703 704 708 707)
4(707 708 712 711)
4(711 712 716 715)
4(715 716 720 719)
4(719 720 724 723)
4(723 724 728 727)
4(727 728 732 731)
4(731 732 736 735)
4(735 736 740 739)
4(739 740 744 743)
4(743 744 748 747)
4(747 748 752 751)
4(751 752 756 755)
4(755 756 760 759)
4(759 760 764 763)
4(763 764 768 767)
4(767 768 772 771)
4(771 772 776 775)
4(775 776 780 779)
4(779 780 784 783)
4(783 784 788 787)
4(787 788 792 791)
4(791 792 796 795)
4(795 796 800 799)
4(799 800 804 803)
4(803 804 808 807)
4(807 808 812 811)
4(811 812 816 815)
4(815 816 820 819)
4(653 342 657 656)
4(656 657 661 660)
4(660 661 665 664)
4(664 665 669 668)
4(668 669 673 672)
4(672 673 677 676)
4(676 677 681 680)
4(680 681 685 684)
4(684 685 689 688)
4(688 689 693 692)
4(692 693 697 696)
4(696 697 701 700)
4(700 701 705 704)
4(704 705 709 708)
4(708 709 713 712)
4(712 713 717 716)
4(716 717 721 720)
4(720 721 725 724)
4(724 725 729 728)
4(728 729 733 732)
4(732 733 737 736)
4(736 737 741 740)
4(740 741 745 744)
4(744 745 749 748)
4(748 749 753 752)
4(752 753 757 756)
4(756 757 761 760)
4(760 761 765 764)
4(764 765 769 768)
4(768 769 773 772)
4(772 773 777 776)
4(776 777 781 780)
4(780 781 785 784)
4(784 785 789 788)
4(788 789 793 792)
4(792 793 797 796)
4(796 797 801 800)
4(800 801 805 804)
4(804 805 809 808)
4(808 809 813 812)
4(812 813 817 816)
4(816 817 821 820)
4(162 486 822 163)
4(486 490 841 822)
4(490 494 860 841)
4(494 498 879 860)
4(498 502 898 879)
4(502 506 917 898)
4(506 510 936 917)
4(510 514 955 936)
4(514 518 974 955)
4(518 522 993 974)
4(522 526 1012 993)
4(526 530 1031 1012)
4(530 534 1050 1031)
4(534 538 1069 1050)
4(538 542 1088 1069)
4(542 546 1107 1088)
4(546 550 1126 1107)
4(550 554 1145 1126)
4(554 558 1164 1145)
4(558 562 1183 1164)
4(562 566 1202 1183)
4(566 570 1221 1202)
4(570 574 1240 1221)
4(574 578 1259 1240)
4(578 582 1278 1259)
4(582 586 1297 1278)
4(586 590 1316 1297)
4(590 594 1335 1316)
4(594 598 1354 1335)
4(598 602 1373 1354)
4(602 606 1392 1373)
4(606 610 1411 1392)
4(610 614 1430 1411)
4(614 618 1449 1430)
4(618 622 1468 1449)
4(622 626 1487 1468)
4(626 630 1506 1487)
4(630 634 1525 1506)
4(634 638 1544 1525)
4(638 642 1563 1544)
4(642 646 1582 1563)
4(646 650 1601 1582)
4(163 822 823 164)
4(822 841 842 823)
4(841 860 861 842)
4(860 879 880 861)
4(879 898 899 880)
4(898 917 918 899)
4(917 936 937 918)
4(936 955 956 937)
4(955 974 975 956)
4(974 993 994 975)
4(993 1012 1013 994)
4(1012 1031 1032 1013)
4(1031 1050 1051 1032)
4(1050 1069 1070 1051)
4(1069 1088 1089 1070)
4(1088 1107 1108 1089)
4(1107 1126 1127 1108)
4(1126 1145 1146 1127)
4(1145 1164 1165 1146)
4(1164 1183 1184 1165)
4(1183 1202 1203 1184)
4(1202 1221 1222 1203)
4(1221 1240 1241 1222)
4(1240 1259 1260 1241)
4(1259 1278 1279 1260)
4(1278 1297 1298 1279)
4(1297 1316 1317 1298)
4(1316 1335 1336 1317)
4(1335 1354 1355 1336)
4(1354 1373 1374 1355)
4(1373 1392 1393 1374)
4(1392 1411 1412 1393)
4(1411 1430 1431 1412)
4(1430 1449 1450 1431)
4(1449 1468 1469 1450)
4(1468 1487 1488 1469)
4(1487 1506 1507 1488)
4(1506 1525 1526 1507)
4(1525 1544 1545 1526)
4(1544 1563 1564 1545)
4(1563 1582 1583 1564)
4(1582 1601 1602 1583)
4(164 823 824 165)
4(823 842 843 824)
4(842 861 862 843)
4(861 880 881 862)
4(880 899 900 881)
4(899 918 919 900)
4(918 937 938 919)
4(937 956 957 938)
4(956 975 976 957)
4(975 994 995 976)
4(994 1013 1014 995)
4(1013 1032 1033 1014)
4(1032 1051 1052 1033)
4(1051 1070 1071 1052)
4(1070 1089 1090 1071)
4(1089 1108 1109 1090)
4(1108 1127 1128 1109)
4(1127 1146 1147 1128)
4(1146 1165 1166 1147)
4(1165 1184 1185 1166)
4(1184 1203 1204 1185)
4(1203 1222 1223 1204)
4(1222 1241 1242 1223)
4(1241 1260 1261 1242)
4(1260 1279 1280 1261)
4(1279 1298 1299 1280)
4(1298 1317 1318 1299)
4(1317 1336 1337 1318)
4(1336 1355 1356 1337)
4(1355 1374 1375 1356)
4(1374 1393 1394 1375)
4(1393 1412 1413 1394)
4(1412 1431 1432 1413)
4(1431 1450 1451 1432)
4(1450 1469 1470 1451)
4(1469 1488 1489 1470)
4(1488 1507 1508 1489)
4(1507 1526 1527 1508)
4(1526 1545 1546 1527)
4(1545 1564 1565 1546)
4(1564 1583 1584 1565)
4(1583 1602 1603 1584)
4(165 824 825 166)
4(824 843 844 825)
4(843 862 863 844)
4(862 881 882 863)
4(881 900 901 882)
4(900 919 920 901)
4(919 938 939 920)
4(938 957 958 939)
4(957 976 977 958)
4(976 995 996 977)
4(995 1014 1015 996)
4(1014 1033 1034 1015)
4(1033 1052 1053 1034)
4(1052 1071 1072 1053)
4(1071 1090 1091 1072)
4(1090 1109 1110 1091)
4(1109 1128 1129 1110)
4(1128 1147 1148 1129)
4(1147 1166 1167 1148)
4(1166 1185 1186 1167)
4(1185 1204 1205 1186)
4(1204 1223 1224 1205)
4(1223 1242 1243 1224)
4(1242 1261 1262 1243)
4(1261 1280 1281 1262)
4(1280 1299 1300 1281)
4(1299 1318 1319 1300)
4(1318 1337 1338 1319)
4(1337 1356 1357 1338)
4(1356 1375 1376 1357)
4(1375 1394 1395 1376)
4(1394 1413 1414 1395)
4(1413 1432 1433 1414)
4(1432 1451 1452 1433)
4(1451 1470 1471 1452)
4(1470 1489 1490 1471)
4(1489 1508 1509 1490)
4(1508 1527 1528 1509)
4(1527 1546 1547 1528)
4(1546 1565 1566 1547)
4(1565 1584 1585 1566)
4(1584 1603 1604 1585)
4(166 825 826 167)
4(825 844 845 826)
4(844 863 864 845)
4(863 882 883 864)
4(882 901 902 883)
4(901 920 921 902)
4(920 939 940 921)
4(939 958 959 940)
4(958 977 978 959)
4(977 996 997 978)
4(996 1015 1016 997)
4(1015 1034 1035 1016)
4(1034 1053 1054 1035)
4(1053 1072 1073 1054)
4(1072 1091 1092 1073)
4(1091 1110 1111 1092)
4(1110 1129 1130 1111)
4(1129 1148 1149 1130)
4(1148 1167 1168 1149)
4(1167 1186 1187 1168)
4(1186 1205 1206 1187)
4(1205 1224 1225 1206)
4(1224 1243 1244 1225)
4(1243 1262 1263 1244)
4(1262 1281 1282 1263)
4(1281 1300 1301 1282)
4(1300 1319 1320 1301)
4(1319 1338 1339 1320)
4(1338 1357 1358 1339)
4(1357 1376 1377 1358)
4(1376 1395 1396 1377)
4(1395 1414 1415 1396)
4(1414 1433 1434 1415)
4(1433 1452 1453 1434)
4(1452 1471 1472 1453)
4(1471 1490 1491 1472)
4(1490 1509 1510 1491)
4(1509 1528 1529 1510)
4(1528 1547 1548 1529)
4(1547 1566 1567 1548)
4(1566 1585 1586 1567)
4(1585 1604 1605 1586)
4(167 826 827 168)
4(826 845 846 827)
4(845 864 865 846)
4(864 883 884 865)
4(883 902 903 884)
4(902 921 922 903)
4(921 940 941 922)
4(940 959 960 941)
4(959 978 979 960)
4(978 997 998 979)
4(997 1016 1017 998)
4(1016 1035 1036 1017)
4(1035 1054 1055 1036)
4(1054 1073 1074 1055)
4(1073 1092 1093 1074)
4(1092 1111 1112 1093)
4(1111 1130 1131 1112)
4(1130 1149 1150 1131)
4(1149 1168 1169 1150)
4(1168 1187 1188 1169)
4(1187 1206 1207 1188)
4(1206 1225 1226 1207)
4(1225 1244 1245 1226)
4(1244 1263 1264 1245)
4(1263 1282 1283 1264)
4(1282 1301 1302 1283)
4(1301 1320 1321 1302)
4(1320 1339 1340 1321)
4(1339 1358 1359 1340)
4(1358 1377 1378 1359)
4(1377 1396 1397 1378)
4(1396 1415 1416 1397)
4(1415 1434 1435 1416)
4(1434 1453 1454 1435)
4(1453 1472 1473 1454)
4(1472 1491 1492 1473)
4(1491 1510 1511 1492)
4(1510 1529 1530 1511)
4(1529 1548 1549 1530)
4(1548 1567 1568 1549)
4(1567 1586 1587 1568)
4(1586 1605 1606 1587)
4(168 827 828 169)
4(827 846 847 828)
4(846 865 866 847)
4(865 884 885 866)
4(884 903 904 885)
4(903 922 923 904)
4(922 941 942 923)
4(941 960 961 942)
4(960 979 980 961)
4(979 998 999 980)
4(998 1017 1018 999)
4(1017 1036 1037 1018)
4(1036 1055 1056 1037)
4(1055 1074 1075 1056)
4(1074 1093 1094 1075)
4(1093 1112 1113 1094)
4(1112 1131 1132 1113)
4(1131 1150 1151 1132)
4(1150 1169 1170 1151)
4(1169 1188 1189 1170)
4(1188 1207 1208 1189)
4(1207 1226 1227 1208)
4(1226 1245 1246 1227)
4(1245 1264 1265 1246)
4(1264 1283 1284 1265)
4(1283 1302 1303 1284)
4(1302 1321 1322 1303)
4(1321 1340 1341 1322)
4(1340 1359 1360 1341)
4(1359 1378 1379 1360)
4(1378 1397 1398 1379)
4(1397 1416 1417 1398)
4(1416 1435 1436 1417)
4(1435 1454 1455 1436)
4(1454 1473 1474 1455)
4(1473 1492 1493 1474)
4(1492 1511 1512 1493)
4(1511 1530 1531 1512)
4(1530 1549 1550 1531)
4(1549 1568 1569 1550)
4(1568 1587 1588 1569)
4(1587 1606 1607 1588)
4(169 828 829 170)
4(828 847 848 829)
4(847 866 867 848)
4(866 885 886 867)
4(885 904 905 886)
4(904 923 924 905)
4(923 942 943 924)
4(942 961 962 943)
4(961 980 981 962)
4(980 999 1000 981)
4(999 1018 1019 1000)
4(1018 1037 1038 1019)
4(1037 1056 1057 1038)
4(1056 1075 1076 1057)
4(1075 1094 1095 1076)
4(1094 1113 1114 1095)
4(1113 1132 1133 1114)
4(1132 1151 1152 1133)
4(1151 1170 1171 1152)
4(1170 1189 1190 1171)
4(1189 1208 1209 1190)
4(1208 1227 1228 1209)
4(1227 1246 1247 1228)
4(1246 1265 1266 1247)
4(1265 1284 1285 1266)
4(1284 1303 1304 1285)
4(1303 1322 1323 1304)
4(1322 1341 1342 1323)
4(1341 1360 1361 1342)
4(1360 1379 1380 1361)
4(1379 1398 1399 1380)
4(1398 1417 1418 1399)
4(1417 1436 1437 1418)
4(1436 1455 1456 1437)
4(1455 1474 1475 1456)
4(1474 1493 1494 1475)
4(1493 1512 1513 1494)
4(1512 1531 1532 1513)
4(1531 1550 1551 1532)
4(1550 1569 1570 1551)
4(1569 1588 1589 1570)
4(1588 1607 1608 1589)
4(170 829 830 171)
4(829 848 849 830)
4(848 867 868 849)
4(867 886 887 868)
4(886 905 906 887)
4(905 924 925 906)
4(924 943 944 925)
4(943 962 963 944)
4(962 981 982 963)
4(981 1000 1001 982)
4(1000 1019 1020 1001)
4(1019 1038 1039 1020)
4(1038 1057 1058 1039)
4(1057 1076 1077 1058)
4(1076 1095 1096 1077)
4(1095 1114 1115 1096)
4(1114 1133 1134 1115)
4(1133 1152 1153 1134)
4(1152 1171 1172 1153)
4(1171 1190 1191 1172)
4(1190 1209 1210 1191)
4(1209 1228 1229 1210)
4(1228 1247 1248 1229)
4(1247 1266 1267 1248)
4(1266 1285 1286 1267)
4(1285 1304 1305 1286)
4(1304 1323 1324 1305)
4(1323 1342 1343 1324)
4(1342 1361 1362 1343)
4(1361 1380 1381 1362)
4(1380 1399 1400 1381)
4(1399 1418 1419 1400)
4(1418 1437 1438 1419)
4(1437 1456 1457 1438)
4(1456 1475 1476 1457)
4(1475 1494 1495 1476)
4(1494 1513 1514 1495)
4(1513 1532 1533 1514)
4(1532 1551 1552 1533)
4(1551 1570 1571 1552)
4(1570 1589 1590 1571)
4(1589 1608 1609 1590)
4(171 830 831 172)
4(830 849 850 831)
4(849 868 869 850)
4(868 887 888 869)
4(887 906 907 888)
4(906 925 926 907)
4(925 944 945 926)
4(944 963 964 945)
4(963 982 983 964)
4(982 1001 1002 983)
4(1001 1020 1021 1002)
4(1020 1039 1040 1021)
4(1039 1058 1059 1040)
4(1058 1077 1078 1059)
4(1077 1096 1097 1078)
4(1096 1115 1116 1097)
4(1115 1134 1135 1116)
4(1134 1153 1154 1135)
4(1153 1172 1173 1154)
4(1172 1191 1192 1173)
4(1191 1210 1211 1192)
4(1210 1229 1230 1211)
4(1229 1248 1249 1230)
4(1248 1267 1268 1249)
4(1267 1286 1287 1268)
4(1286 1305 1306 1287)
4(1305 1324 1325 1306)
4(1324 1343 1344 1325)
4(1343 1362 1363 1344)
4(1362 1381 1382 1363)
4(1381 1400 1401 1382)
4(1400 1419 1420 1401)
4(1419 1438 1439 1420)
4(1438 1457 1458 1439)
4(1457 1476 1477 1458)
4(1476 1495 1496 1477)
4(1495 1514 1515 1496)
4(1514 1533 1534 1515)
4(1533 1552 1553 1534)
4(1552 1571 1572 1553)
4(1571 1590 1591 1572)
4(1590 1609 1610 1591)
4(172 831 832 173)
4(831 850 851 832)
4(850 869 870 851)
4(869 888 889 870)
4(888 907 908 889)
4(907 926 927 908)
4(926 945 946 927)
4(945 964 965 946)
4(964 983 984 965)
4(983 1002 1003 984)
4(1002 1021 1022 1003)
4(1021 1040 1041 1022)
4(1040 1059 1060 1041)
4(1059 1078 1079 1060)
4(1078 1097 1098 1079)
4(1097 1116 1117 1098)
4(1116 1135 1136 1117)
4(1135 1154 1155 1136)
4(1154 1173 1174 1155)
4(1173 1192 1193 1174)
4(1192 1211 1212 1193)
4(1211 1230 1231 1212)
4(1230 1249 1250 1231)
4(1249 1268 1269 1250)
4(1268 1287 1288 1269)
4(1287 1306 1307 1288)
4(1306 1325 1326 1307)
4(1325 1344 1345 1326)
4(1344 1363 1364 1345)
4(1363 1382 1383 1364)
4(1382 1401 1402 1383)
4(1401 1420 1421 1402)
4(1420 1439 1440 1421)
4(1439 1458 1459 1440)
4(1458 1477 1478 1459)
4(1477 1496 1497 1478)
4(1496 1515 1516 1497)
4(1515 1534 1535 1516)
4(1534 1553 1554 1535)
4(1553 1572 1573 1554)
4(1572 1591 1592 1573)
4(1591 1610 1611 1592)
4(173 832 833 174)
4(832 851 852 833)
4(851 870 871 852)
4(870 889 890 871)
4(889 908 909 890)
4(908 927 928 909)
4(927 946 947 928)
4(946 965 966 947)
4(965 984 985 966)
4(984 1003 1004 985)
4(1003 1022 1023 1004)
4(1022 1041 1042 1023)
4(1041 1060 1061 1042)
4(1060 1079 1080 1061)
4(1079 1098 1099 1080)
4(1098 1117 1118 1099)
4(1117 1136 1137 1118)
4(1136 1155 1156 1137)
4(1155 1174 1175 1156)
4(1174 1193 1194 1175)
4(1193 1212 1213 1194)
4(1212 1231 1232 1213)
4(1231 1250 1251 1232)
4(1250 1269 1270 1251)
4(1269 1288 1289 1270)
4(1288 1307 1308 1289)
4(1307 1326 1327 1308)
4(1326 1345 1346 1327)
4(1345 1364 1365 1346)
4(1364 1383 1384 1365)
4(1383 1402 1403 1384)
4(1402 1421 1422 1403)
4(1421 1440 1441 1422)
4(1440 1459 1460 1441)
4(1459 1478 1479 1460)
4(1478 1497 1498 1479)
4(1497 1516 1517 1498)
4(1516 1535 1536 1517)
4(1535 1554 1555 1536)
4(1554 1573 1574 1555)
4(1573 1592 1593 1574)
4(1592 1611 1612 1593)
4(174 833 834 175)
4(833 852 853 834)
4(852 871 872 853)
4(871 890 891 872)
4(890 909 910 891)
4(909 928 929 910)
4(928 947 948 929)
4(947 966 967 948)
4(966 985 986 967)
4(985 1004 1005 986)
4(1004 1023 1024 1005)
4(1023 1042 1043 1024)
4(1042 1061 1062 1043)
4(1061 1080 1081 1062)
4(1080 1099 1100 1081)
4(1099 1118 1119 1100)
4(1118 1137 1138 1119)
4(1137 1156 1157 1138)
4(1156 1175 1176 1157)
4(1175 1194 1195 1176)
4(1194 1213 1214 1195)
4(1213 1232 1233 1214)
4(1232 1251 1252 1233)
4(1251 1270 1271 1252)
4(1270 1289 1290 1271)
4(1289 1308 1309 1290)
4(1308 1327 1328 1309)
4(1327 1346 1347 1328)
4(1346 1365 1366 1347)
4(1365 1384 1385 1366)
4(1384 1403 1404 1385)
4(1403 1422 1423 1404)
4(1422 1441 1442 1423)
4(1441 1460 1461 1442)
4(1460 1479 1480 1461)
4(1479 1498 1499 1480)
4(1498 1517 1518 1499)
4(1517 1536 1537 1518)
4(1536 1555 1556 1537)
4(1555 1574 1575 1556)
4(1574 1593 1594 1575)
4(1593 1612 1613 1594)
4(175 834 835 176)
4(834 853 854 835)
4(853 872 873 854)
4(872 891 892 873)
4(891 910 911 892)
4(910 929 930 911)
4(929 948 949 930)
4(948 967 968 949)
4(967 986 987 968)
4(986 1005 1006 987)
4(1005 1024 1025 1006)
4(1024 1043 1044 1025)
4(1043 1062 1063 1044)
4(1062 1081 1082 1063)
4(1081 1100 1101 1082)
4(1100 1119 1120 1101)
4(1119 1138 1139 1120)
4(1138 1157 1158 1139)
4(1157 1176 1177 1158)
4(1176 1195 1196 1177)
4(1195 1214 1215 1196)
4(1214 1233 1234 1215)
4(1233 1252 1253 1234)
4(1252 1271 1272 1253)
4(1271 1290 1291 1272)
4(1290 1309 1310 1291)
4(1309 1328 1329 1310)
4(1328 1347 1348 1329)
4(1347 1366 1367 1348)
4(1366 1385 1386 1367)
4(1385 1404 1405 1386)
4(1404 1423 1424 1405)
4(1423 1442 1443 1424)
4(1442 1461 1462 1443)
4(1461 1480 1481 1462)
4(1480 1499 1500 1481)
4(1499 1518 1519 1500)
4(1518 1537 1538 1519)
4(1537 1556 1557 1538)
4(1556 1575 1576 1557)
4(1575 1594 1595 1576)
4(1594 1613 1614 1595)
4(176 835 836 177)
4(835 854 855 836)
4(854 873 874 855)
4(873 892 893 874)
4(892 911 912 893)
4(911 930 931 912)
4(930 949 950 931)
4(949 968 969 950)
4(968 987 988 969)
4(987 1006 1007 988)
4(1006 1025 1026 1007)
4(1025 1044 1045 1026)
4(1044 1063 1064 1045)
4(1063 1082 1083 1064)
4(1082 1101 1102 1083)
4(1101 1120 1121 1102)
4(1120 1139 1140 1121)
4(1139 1158 1159 1140)
4(1158 1177 1178 1159)
4(1177 1196 1197 1178)
4(1196 1215 1216 1197)
4(1215 1234 1235 1216)
4(1234 1253 1254 1235)
4(1253 1272 1273 1254)
4(1272 1291 1292 1273)
4(1291 1310 1311 1292)
4(1310 1329 1330 1311)
4(1329 1348 1349 1330)
4(1348 1367 1368 1349)
4(1367 1386 1387 1368)
4(1386 1405 1406 1387)
4(1405 1424 1425 1406)
4(1424 1443 1444 1425)
4(1443 1462 1463 1444)
4(1462 1481 1482 1463)
4(1481 1500 1501 1482)
4(1500 1519 1520 1501)
4(1519 1538 1539 1520)
4(1538 1557 1558 1539)
4(1557 1576 1577 1558)
4(1576 1595 1596 1577)
4(1595 1614 1615 1596)
4(177 836 837 178)
4(836 855 856 837)
4(855 874 875 856)
4(874 893 894 875)
4(893 912 913 894)
4(912 931 932 913)
4(931 950 951 932)
4(950 969 970 951)
4(969 988 989 970)
4(988 1007 1008 989)
4(1007 1026 1027 1008)
4(1026 1045 1046 1027)
4(1045 1064 1065 1046)
4(1064 1083 1084 1065)
4(1083 1102 1103 1084)
4(1102 1121 1122 1103)
4(1121 1140 1141 1122)
4(1140 1159 1160 1141)
4(1159 1178 1179 1160)
4(1178 1197 1198 1179)
4(1197 1216 1217 1198)
4(1216 1235 1236 1217)
4(1235 1254 1255 1236)
4(1254 1273 1274 1255)
4(1273 1292 1293 1274)
4(1292 1311 1312 1293)
4(1311 1330 1331 1312)
4(1330 1349 1350 1331)
4(1349 1368 1369 1350)
4(1368 1387 1388 1369)
4(1387 1406 1407 1388)
4(1406 1425 1426 1407)
4(1425 1444 1445 1426)
4(1444 1463 1464 1445)
4(1463 1482 1483 1464)
4(1482 1501 1502 1483)
4(1501 1520 1521 1502)
4(1520 1539 1540 1521)
4(1539 1558 1559 1540)
4(1558 1577 1578 1559)
4(1577 1596 1597 1578)
4(1596 1615 1616 1597)
4(178 837 838 179)
4(837 856 857 838)
4(856 875 876 857)
4(875 894 895 876)
4(894 913 914 895)
4(913 932 933 914)
4(932 951 952 933)
4(951 970 971 952)
4(970 989 990 971)
4(989 1008 1009 990)
4(1008 1027 1028 1009)
4(1027 1046 1047 1028)
4(1046 1065 1066 1047)
4(1065 1084 1085 1066)
4(1084 1103 1104 1085)
4(1103 1122 1123 1104)
4(1122 1141 1142 1123)
4(1141 1160 1161 1142)
4(1160 1179 1180 1161)
4(1179 1198 1199 1180)
4(1198 1217 1218 1199)
4(1217 1236 1237 1218)
4(1236 1255 1256 1237)
4(1255 1274 1275 1256)
4(1274 1293 1294 1275)
4(1293 1312 1313 1294)
4(1312 1331 1332 1313)
4(1331 1350 1351 1332)
4(1350 1369 1370 1351)
4(1369 1388 1389 1370)
4(1388 1407 1408 1389)
4(1407 1426 1427 1408)
4(1426 1445 1446 1427)
4(1445 1464 1465 1446)
4(1464 1483 1484 1465)
4(1483 1502 1503 1484)
4(1502 1521 1522 1503)
4(1521 1540 1541 1522)
4(1540 1559 1560 1541)
4(1559 1578 1579 1560)
4(1578 1597 1598 1579)
4(1597 1616 1617 1598)
4(179 838 839 180)
4(838 857 858 839)
4(857 876 877 858)
4(876 895 896 877)
4(895 914 915 896)
4(914 933 934 915)
4(933 952 953 934)
4(952 971 972 953)
4(971 990 991 972)
4(990 1009 1010 991)
4(1009 1028 1029 1010)
4(1028 1047 1048 1029)
4(1047 1066 1067 1048)
4(1066 1085 1086 1067)
4(1085 1104 1105 1086)
4(1104 1123 1124 1105)
4(1123 1142 1143 1124)
4(1142 1161 1162 1143)
4(1161 1180 1181 1162)
4(1180 1199 1200 1181)
4(1199 1218 1219 1200)
4(1218 1237 1238 1219)
4(1237 1256 1257 1238)
4(1256 1275 1276 1257)
4(1275 1294 1295 1276)
4(1294 1313 1314 1295)
4(1313 1332 1333 1314)
4(1332 1351 1352 1333)
4(1351 1370 1371 1352)
4(1370 1389 1390 1371)
4(1389 1408 1409 1390)
4(1408 1427 1428 1409)
4(1427 1446 1447 1428)
4(1446 1465 1466 1447)
4(1465 1484 1485 1466)
4(1484 1503 1504 1485)
4(1503 1522 1523 1504)
4(1522 1541 1542 1523)
4(1541 1560 1561 1542)
4(1560 1579 1580 1561)
4(1579 1598 1599 1580)
4(1598 1617 1618 1599)
4(180 839 840 181)
4(839 858 859 840)
4(858 877 878 859)
4(877 896 897 878)
4(896 915 916 897)
4(915 934 935 916)
4(934 953 954 935)
4(953 972 973 954)
4(972 991 992 973)
4(991 1010 1011 992)
4(1010 1029 1030 1011)
4(1029 1048 1049 1030)
4(1048 1067 1068 1049)
4(1067 1086 1087 1068)
4(1086 1105 1106 1087)
4(1105 1124 1125 1106)
4(1124 1143 1144 1125)
4(1143 1162 1163 1144)
4(1162 1181 1182 1163)
4(1181 1200 1201 1182)
4(1200 1219 1220 1201)
4(1219 1238 1239 1220)
4(1238 1257 1258 1239)
4(1257 1276 1277 1258)
4(1276 1295 1296 1277)
4(1295 1314 1315 1296)
4(1314 1333 1334 1315)
4(1333 1352 1353 1334)
4(1352 1371 1372 1353)
4(1371 1390 1391 1372)
4(1390 1409 1410 1391)
4(1409 1428 1429 1410)
4(1428 1447 1448 1429)
4(1447 1466 1467 1448)
4(1466 1485 1486 1467)
4(1485 1504 1505 1486)
4(1504 1523 1524 1505)
4(1523 1542 1543 1524)
4(1542 1561 1562 1543)
4(1561 1580 1581 1562)
4(1580 1599 1600 1581)
4(1599 1618 1619 1600)
4(342 343 1620 657)
4(657 1620 1639 661)
4(661 1639 1658 665)
4(665 1658 1677 669)
4(669 1677 1696 673)
4(673 1696 1715 677)
4(677 1715 1734 681)
4(681 1734 1753 685)
4(685 1753 1772 689)
4(689 1772 1791 693)
4(693 1791 1810 697)
4(697 1810 1829 701)
4(701 1829 1848 705)
4(705 1848 1867 709)
4(709 1867 1886 713)
4(713 1886 1905 717)
4(717 1905 1924 721)
4(721 1924 1943 725)
4(725 1943 1962 729)
4(729 1962 1981 733)
4(733 1981 2000 737)
4(737 2000 2019 741)
4(741 2019 2038 745)
4(745 2038 2057 749)
4(749 2057 2076 753)
4(753 2076 2095 757)
4(757 2095 2114 761)
4(761 2114 2133 765)
4(765 2133 2152 769)
4(769 2152 2171 773)
4(773 2171 2190 777)
4(777 2190 2209 781)
4(781 2209 2228 785)
4(785 2228 2247 789)
4(789 2247 2266 793)
4(793 2266 2285 797)
4(797 2285 2304 801)
4(801 2304 2323 805)
4(805 2323 2342 809)
4(809 2342 2361 813)
4(813 2361 2380 817)
4(817 2380 2399 821)
4(343 344 1621 1620)
4(1620 1621 1640 1639)
4(1639 1640 1659 1658)
4(1658 1659 1678 1677)
4(1677 1678 1697 1696)
4(1696 1697 1716 1715)
4(1715 1716 1735 1734)
4(1734 1735 1754 1753)
4(1753 1754 1773 1772)
4(1772 1773 1792 1791)
4(1791 1792 1811 1810)
4(1810 1811 1830 1829)
4(1829 1830 1849 1848)
4(1848 1849 1868 1867)
4(1867 1868 1887 1886)
4(1886 1887 1906 1905)
4(1905 1906 1925 1924)
4(1924 1925 1944 1943)
4(1943 1944 1963 1962)
4(1962 1963 1982 1981)
4(1981 1982 2001 2000)
4(2000 2001 2020 2019)
4(2019 2020 2039 2038)
4(2038 2039 2058 2057)
4(2057 2058 2077 2076)
4(2076 2077 2096 2095)
4(2095 2096 2115 2114)
4(2114 2115 2134 2133)
4(2133 2134 2153 2152)
4(2152 2153 2172 2171)
4(2171 2172 2191 2190)
4(2190 2191 2210 2209)
4(2209 2210 2229 2228)
4(2228 2229 2248 2247)
4(2247 2248 2267 2266)
4(2266 2267 2286 2285)
4(2285 2286 2305 2304)
4(2304 2305 2324 2323)
4(2323 2324 2343 2342)
4(2342 2343 2362 2361)
4(2361 2362 2381 2380)
4(2380 2381 2400 2399)
4(344 345 1622 1621)
4(1621 1622 1641 1640)
4(1640 1641 1660 1659)
4(1659 1660 1679 1678)
4(1678 1679 1698 1697)
4(1697 1698 1717 1716)
4(1716 1717 1736 1735)
4(1735 1736 1755 1754)
4(1754 1755 1774 1773)
4(1773 1774 1793 1792)
4(1792 1793 1812 1811)
4(1811 1812 1831 1830)
4(1830 1831 1850 1849)
4(1849 1850 1869 1868)
4(1868 1869 1888 1887)
4(1887 1888 1907 1906)
4(1906 1907 1926 1925)
4(1925 1926 1945 1944)
4(1944 1945 1964 1963)
4(1963 1964 1983 1982)
4(1982 1983 2002 2001)
4(2001 2002 2021 2020)
4(2020 2021 2040 2039)
4(2039 2040 2059 2058)
4(2058 2059 2078 2077)
4(2077 2078 2097 2096)
4(2096 2097 2116 2115)
4(2115 2116 2135 2134)
4(2134 2135 2154 2153)
4(2153 2154 2173 2172)
4(2172 2173 2192 2191)
4(2191 2192 2211 2210)
4(2210 2211 2230 2229)
4(2229 2230 2249 2248)
4(2248 2249 2268 2267)
4(2267 2268 2287 2286)
4(2286 2287 2306 2305)
4(2305 2306 2325 2324)
4(2324 2325 2344 2343)
4(2343 2344 2363 2362)
4(2362 2363 2382 2381)
4(2381 2382 2401 2400)
4(345 346 1623 1622)
4(1622 1623 1642 1641)
4(1641 1642 1661 1660)
4(1660 1661 1680 1679)
4(1679 1680 1699 1698)
4(1698 1699 1718 1717)
4(1717 1718 1737 1736)
4(1736 1737 1756 1755)
4(1755 1756 1775 1774)
4(1774 1775 1794 1793)
4(1793 1794 1813 1812)
4(1812 1813 1832 1831)
4(1831 1832 1851 1850)
4(1850 1851 1870 1869)
4(1869 1870 1889 1888)
4(1888 1889 1908 1907)
4(1907 1908 1927 1926)
4(1926 1927 1946 1945)
4(1945 1946 1965 1964)
4(1964 1965 1984 1983)
4(1983 1984 2003 2002)
4(2002 2003 2022 2021)
4(2021 2022 2041 2040)
4(2040 2041 2060 2059)
4(2059 2060 2079 2078)
4(2078 2079 2098 2097)
4(2097 2098 2117 2116)
4(2116 2117 2136 2135)
4(2135 2136 2155 2154)
4(2154 2155 2174 2173)
4(2173 2174 2193 2192)
4(2192 2193 2212 2211)
4(2211 2212 2231 2230)
4(2230 2231 2250 2249)
4(2249 2250 2269 2268)
4(2268 2269 2288 2287)
4(2287 2288 2307 2306)
4(2306 2307 2326 2325)
4(2325 2326 2345 2344)
4(2344 2345 2364 2363)
4(2363 2364 2383 2382)
4(2382 2383 2402 2401)
4(346 347 1624 1623)
4(1623 1624 1643 1642)
4(1642 1643 1662 1661)
4(1661 1662 1681 1680)
4(1680 1681 1700 1699)
4(1699 1700 1719 1718)
4(1718 1719 1738 1737)
4(1737 1738 1757 1756)
4(1756 1757 1776 1775)
4(1775 1776 1795 1794)
4(1794 1795 1814 1813)
4(1813 1814 1833 1832)
4(1832 1833 1852 1851)
4(1851 1852 1871 1870)
4(1870 1871 1890 1889)
4(1889 1890 1909 1908)
4(1908 1909 1928 1927)
4(1927 1928 1947 1946)
4(1946 1947 1966 1965)
4(1965 1966 1985 1984)
4(1984 1985 2004 2003)
4(2003 2004 2023 2022)
4(2022 2023 2042 2041)
4(2041 2042 2061 2060)
4(2060 2061 2080 2079)
4(2079 2080 2099 2098)
4(2098 2099 2118 2117)
4(2117 2118 2137 2136)
4(2136 2137 2156 2155)
4(2155 2156 2175 2174)
4(2174 2175 2194 2193)
4(2193 2194 2213 2212)
4(2212 2213 2232 2231)
4(2231 2232 2251 2250)
4(2250 2251 2270 2269)
4(2269 2270 2289 2288)
4(2288 2289 2308 2307)
4(2307 2308 2327 2326)
4(2326 2327 2346 2345)
4(2345 2346 2365 2364)
4(2364 2365 2384 2383)
4(2383 2384 2403 2402)
4(347 348 1625 1624)
4(1624 1625 1644 1643)
4(1643 1644 1663 1662)
4(1662 1663 1682 1681)
4(1681 1682 1701 1700)
4(1700 1701 1720 1719)
4(1719 1720 1739 1738)
4(1738 1739 1758 1757)
4(1757 1758 1777 1776)
4(1776 1777 1796 1795)
4(1795 1796 1815 1814)
4(1814 1815 1834 1833)
4(1833 1834 1853 1852)
4(1852 1853 1872 1871)
4(1871 1872 1891 1890)
4(1890 1891 1910 1909)
4(1909 1910 1929 1928)
4(1928 1929 1948 1947)
4(1947 1948 1967 1966)
4(1966 1967 1986 1985)
4(1985 1986 2005 2004)
4(2004 2005 2024 2023)
4(2023 2024 2043 2042)
4(2042 2043 2062 2061)
4(2061 2062 2081 2080)
4(2080 2081 2100 2099)
4(2099 2100 2119 2118)
4(2118 2119 2138 2137)
4(2137 2138 2157 2156)
4(2156 2157 2176 2175)
4(2175 2176 2195 2194)
4(2194 2195 2214 2213)
4(2213 2214 2233 2232)
4(2232 2233 2252 2251)
4(2251 2252 2271 2270)
4(2270 2271 2290 2289)
4(2289 2290 2309 2308)
4(2308 2309 2328 2327)
4(2327 2328 2347 2346)
4(2346 2347 2366 2365)
4(2365 2366 2385 2384)
4(2384 2385 2404 2403)
4(348 349 1626 1625)
4(1625 1626 1645 1644)
4(1644 1645 1664 1663)
4(1663 1664 1683 1682)
4(1682 1683 1702 1701)
4(1701 1702 1721 1720)
4(1720 1721 1740 1739)
4(1739 1740 1759 1758)
4(1758 1759 1778 1777)
4(1777 1778 1797 1796)
4(1796 1797 1816 1815)
4(1815 1816 1835 1834)
4(1834 1835 1854 1853)
4(1853 1854 1873 1872)
4(1872 1873 1892 1891)
4(1891 1892 1911 1910)
4(1910 1911 1930 1929)
4(1929 1930 1949 1948)
4(1948 1949 1968 1967)
4(1967 1968 1987 1986)
4(1986 1987 2006 2005)
4(2005 2006 2025 2024)
4(2024 2025 2044 2043)
4(2043 2044 2063 2062)
4(2062 2063 2082 2081)
4(2081 2082 2101 2100)
4(2100 2101 2120 2119)
4(2119 2120 2139 2138)
4(2138 2139 2158 2157)
4(2157 2158 2177 2176)
4(2176 2177 2196 2195)
4(2195 2196 2215 2214)
4(2214 2215 2234 2233)
4(2233 2234 2253 2252)
4(2252 2253 2272 2271)
4(2271 2272 2291 2290)
4(2290 2291 2310 2309)
4(2309 2310 2329 2328)
4(2328 2329 2348 2347)
4(2347 2348 2367 2366)
4(2366 2367 2386 2385)
4(2385 2386 2405 2404)
4(349 350 1627 1626)
4(1626 1627 1646 1645)
4(1645 1646 1665 1664)
4(1664 1665 1684 1683)
4(1683 1684 1703 1702)
4(1702 1703 1722 1721)
4(1721 1722 1741 1740)
4(1740 1741 1760 1759)
4(1759 1760 1779 1778)
4(1778 1779 1798 1797)
4(1797 1798 1817 1816)
4(1816 1817 1836 1835)
4(1835 1836 1855 1854)
4(1854 1855 1874 1873)
4(1873 1874 1893 1892)
4(1892 1893 1912 1911)
4(1911 1912 1931 1930)
4(1930 1931 1950 1949)
4(1949 1950 1969 1968)
4(1968 1969 1988 1987)
4(1987 1988 2007 2006)
4(2006 2007 2026 2025)
4(2025 2026 2045 2044)
4(2044 2045 2064 2063)
4(2063 2064 2083 2082)
4(2082 2083 2102 2101)
4(2101 2102 2121 2120)
4(2120 2121 2140 2139)
4(2139 2140 2159 2158)
4(2158 2159 2178 2177)
4(2177 2178 2197 2196)
4(2196 2197 2216 2215)
4(2215 2216 2235 2234)
4(2234 2235 2254 2253)
4(2253 2254 2273 2272)
4(2272 2273 2292 2291)
4(2291 2292 2311 2310)
4(2310 2311 2330 2329)
4(2329 2330 2349 2348)
4(2348 2349 2368 2367)
4(2367 2368 2387 2386)
4(2386 2387 2406 2405)
4(350 351 1628 1627)
4(1627 1628 1647 1646)
4(1646 1647 1666 1665)
4(1665 1666 1685 1684)
4(1684 1685 1704 1703)
4(1703 1704 1723 1722)
4(1722 1723 1742 1741)
4(1741 1742 1761 1760)
4(1760 1761 1780 1779)
4(1779 1780 1799 1798)
4(1798 1799 1818 1817)
4(1817 1818 1837 1836)
4(1836 1837 1856 1855)
4(1855 1856 1875 1874)
4(1874 1875 1894 1893)
4(1893 1894 1913 1912)
4(1912 1913 1932 1931)
4(1931 1932 1951 1950)
4(1950 1951 1970 1969)
4(1969 1970 1989 1988)
4(1988 1989 2008 2007)
4(2007 2008 2027 2026)
4(2026 2027 2046 2045)
4(2045 2046 2065 2064)
4(2064 2065 2084 2083)
4(2083 2084 2103 2102)
4(2102 2103 2122 2121)
4(2121 2122 2141 2140)
4(2140 2141 2160 2159)
4(2159 2160 2179 2178)
4(2178 2179 2198 2197)
4(2197 2198 2217 2216)
4(2216 2217 2236 2235)
4(2235 2236 2255 2254)
4(2254 2255 2274 2273)
4(2273 2274 2293 2292)
4(2292 2293 2312 2311)
4(2311 2312 2331 2330)
4(2330 2331 2350 2349)
4(2349 2350 2369 2368)
4(2368 2369 2388 2387)
4(2387 2388 2407 2406)
4(351 352 1629 1628)
4(1628 1629 1648 1647)
4(1647 1648 1667 1666)
4(1666 1667 1686 1685)
4(1685 1686 1705 1704)
4(1704 1705 1724 1723)
4(1723 1724 1743 1742)
4(1742 1743 1762 1761)
4(1761 1762 1781 1780)
4(1780 1781 1800 1799)
4(1799 1800 1819 1818)
4(1818 1819 1838 1837)
4(1837 1838 1857 1856)
4(1856 1857 1876 1875)
4(1875 1876 1895 1894)
4(1894 1895 1914 1913)
4(1913 1914 1933 1932)
4(1932 1933 1952 1951)
4(1951 1952 1971 1970)
4(1970 1971 1990 1989)
4(1989 1990 2009 2008)
4(2008 2009 2028 2027)
4(2027 2028 2047 2046)
4(2046 2047 2066 2065)
4(2065 2066 2085 2084)
4(2084 2085 2104 2103)
4(2103 2104 2123 2122)
4(2122 2123 2142 2141)
4(2141 2142 2161 2160)
4(2160 2161 2180 2179)
4(2179 2180 2199 2198)
4(2198 2199 2218 2217)
4(2217 2218 2237 2236)
4(2236 2237 2256 2255)
4(2255 2256 2275 2274)
4(2274 2275 2294 2293)
4(2293 2294 2313 2312)
4(2312 2313 2332 2331)
4(2331 2332 2351 2350)
4(2350 2351 2370 2369)
4(2369 2370 2389 2388)
4(2388 2389 2408 2407)
4(352 353 1630 1629)
4(1629 1630 1649 1648)
4(1648 1649 1668 1667)
4(1667 1668 1687 1686)
4(1686 1687 1706 1705)
4(1705 1706 1725 1724)
4(1724 1725 1744 1743)
4(1743 1744 1763 1762)
4(1762 1763 1782 1781)
4(1781 1782 1801 1800)
4(1800 1801 1820 1819)
4(1819 1820 1839 1838)
4(1838 1839 1858 1857)
4(1857 1858 1877 1876)
4(1876 1877 1896 1895)
4(1895 1896 1915 1914)
4(1914 1915 1934 1933)
4(1933 1934 1953 1952)
4(1952 1953 1972 1971)
4(1971 1972 1991 1990)
4(1990 1991 2010 2009)
4(2009 2010 2029 2028)
4(2028 2029 2048 2047)
4(2047 2048 2067 2066)
4(2066 2067 2086 2085)
4(2085 2086 2105 2104)
4(2104 2105 2124 2123)
4(2123 2124 2143 2142)
4(2142 2143 2162 2161)
4(2161 2162 2181 2180)
4(2180 2181 2200 2199)
4(2199 2200 2219 2218)
4(2218 2219 2238 2237)
4(2237 2238 2257 2256)
4(2256 2257 2276 2275)
4(2275 2276 2295 2294)
4(2294 2295 2314 2313)
4(2313 2314 2333 2332)
4(2332 2333 2352 2351)
4(2351 2352 2371 2370)
4(2370 2371 2390 2389)
4(2389 2390 2409 2408)
4(353 354 1631 1630)
4(1630 1631 1650 1649)
4(1649 1650 1669 1668)
4(1668 1669 1688 1687)
4(1687 1688 1707 1706)
4(1706 1707 1726 1725)
4(1725 1726 1745 1744)
4(1744 1745 1764 1763)
4(1763 1764 1783 1782)
4(1782 1783 1802 1801)
4(1801 1802 1821 1820)
4(1820 1821 1840 1839)
4(1839 1840 1859 1858)
4(1858 1859 1878 1877)
4(1877 1878 1897 1896)
4(1896 1897 1916 1915)
4(1915 1916 1935 1934)
4(1934 1935 1954 1953)
4(1953 1954 1973 1972)
4(1972 1973 1992 1991)
4(1991 1992 2011 2010)
4(2010 2011 2030 2029)
4(2029 2030 2049 2048)
4(2048 2049 2068 2067)
4(2067 2068 2087 2086)
4(2086 2087 2106 2105)
4(2105 2106 2125 2124)
4(2124 2125 2144 2143)
4(2143 2144 2163 2162)
4(2162 2163 2182 2181)
4(2181 2182 2201 2200)
4(2200 2201 2220 2219)
4(2219 2220 2239 2238)
4(2238 2239 2258 2257)
4(2257 2258 2277 2276)
4(2276 2277 2296 2295)
4(2295 2296 2315 2314)
4(2314 2315 2334 2333)
4(2333 2334 2353 2352)
4(2352 2353 2372 2371)
4(2371 2372 2391 2390)
4(2390 2391 2410 2409)
4(354 355 1632 1631)
4(1631 1632 1651 1650)
4(1650 1651 1670 1669)
4(1669 1670 1689 1688)
4(1688 1689 1708 1707)
4(1707 1708 1727 1726)
4(1726 1727 1746 1745)
4(1745 1746 1765 1764)
4(1764 1765 1784 1783)
4(1783 1784 1803 1802)
4(1802 1803 1822 1821)
4(1821 1822 1841 1840)
4(1840 1841 1860 1859)
4(1859 1860 1879 1878)
4(1878 1879 1898 1897)
4(1897 1898 1917 1916)
4(1916 1917 1936 1935)
4(1935 1936 1955 1954)
4(1954 1955 1974 1973)
4(1973 1974 1993 1992)
4(1992 1993 2012 2011)
4(2011 2012 2031 2030)
4(2030 2031 2050 2049)
4(2049 2050 2069 2068)
4(2068 2069 2088 2087)
4(2087 2088 2107 2106)
4(2106 2107 2126 2125)
4(2125 2126 2145 2144)
4(2144 2145 2164 2163)
4(2163 2164 2183 2182)
4(2182 2183 2202 2201)
4(2201 2202 2221 2220)
4(2220 2221 2240 2239)
4(2239 2240 2259 2258)
4(2258 2259 2278 2277)
4(2277 2278 2297 2296)
4(2296 2297 2316 2315)
4(2315 2316 2335 2334)
4(2334 2335 2354 2353)
4(2353 2354 2373 2372)
4(2372 2373 2392 2391)
4(2391 2392 2411 2410)
4(355 356 1633 1632)
4(1632 1633 1652 1651)
4(1651 1652 1671 1670)
4(1670 1671 1690 1689)
4(1689 1690 1709 1708)
4(1708 1709 1728 1727)
4(1727 1728 1747 1746)
4(1746 1747 1766 1765)
4(1765 1766 1785 1784)
4(1784 1785 1804 1803)
4(1803 1804 1823 1822)
4(1822 1823 1842 1841)
4(1841 1842 1861 1860)
4(1860 1861 1880 1879)
4(1879 1880 1899 1898)
4(1898 1899 1918 1917)
4(1917 1918 1937 1936)
4(1936 1937 1956 1955)
4(1955 1956 1975 1974)
4(1974 1975 1994 1993)
4(1993 1994 2013 2012)
4(2012 2013 2032 2031)
4(2031 2032 2051 2050)
4(2050 2051 2070 2069)
4(2069 2070 2089 2088)
4(2088 2089 2108 2107)
4(2107 2108 2127 2126)
4(2126 2127 2146 2145)
4(2145 2146 2165 2164)
4(2164 2165 2184 2183)
4(2183 2184 2203 2202)
4(2202 2203 2222 2221)
4(2221 2222 2241 2240)
4(2240 2241 2260 2259)
4(2259 2260 2279 2278)
4(2278 2279 2298 2297)
4(2297 2298 2317 2316)
4(2316 2317 2336 2335)
4(2335 2336 2355 2354)
4(2354 2355 2374 2373)
4(2373 2374 2393 2392)
4(2392 2393 2412 2411)
4(356 357 1634 1633)
4(1633 1634 1653 1652)
4(1652 1653 1672 1671)
4(1671 1672 1691 1690)
4(1690 1691 1710 1709)
4(1709 1710 1729 1728)
4(1728 1729 1748 1747)
4(1747 1748 1767 1766)
4(1766 1767 1786 1785)
4(1785 1786 1805 1804)
4(1804 1805 1824 1823)
4(1823 1824 1843 1842)
4(1842 1843 1862 1861)
4(1861 1862 1881 1880)
4(1880 1881 1900 1899)
4(1899 1900 1919 1918)
4(1918 1919 1938 1937)
4(1937 1938 1957 1956)
4(1956 1957 1976 1975)
4(1975 1976 1995 1994)
4(1994 1995 2014 2013)
4(2013 2014 2033 2032)
4(2032 2033 2052 2051)
4(2051 2052 2071 2070)
4(2070 2071 2090 2089)
4(2089 2090 2109 2108)
4(2108 2109 2128 2127)
4(2127 2128 2147 2146)
4(2146 2147 2166 2165)
4(2165 2166 2185 2184)
4(2184 2185 2204 2203)
4(2203 2204 2223 2222)
4(2222 2223 2242 2241)
4(2241 2242 2261 2260)
4(2260 2261 2280 2279)
4(2279 2280 2299 2298)
4(2298 2299 2318 2317)
4(2317 2318 2337 2336)
4(2336 2337 2356 2355)
4(2355 2356 2375 2374)
4(2374 2375 2394 2393)
4(2393 2394 2413 2412)
4(357 358 1635 1634)
4(1634 1635 1654 1653)
4(1653 1654 1673 1672)
4(1672 1673 1692 1691)
4(1691 1692 1711 1710)
4(1710 1711 1730 1729)
4(1729 1730 1749 1748)
4(1748 1749 1768 1767)
4(1767 1768 1787 1786)
4(1786 1787 1806 1805)
4(1805 1806 1825 1824)
4(1824 1825 1844 1843)
4(1843 1844 1863 1862)
4(1862 1863 1882 1881)
4(1881 1882 1901 1900)
4(1900 1901 1920 1919)
4(1919 1920 1939 1938)
4(1938 1939 1958 1957)
4(1957 1958 1977 1976)
4(1976 1977 1996 1995)
4(1995 1996 2015 2014)
4(2014 2015 2034 2033)
4(2033 2034 2053 2052)
4(2052 2053 2072 2071)
4(2071 2072 2091 2090)
4(2090 2091 2110 2109)
4(2109 2110 2129 2128)
4(2128 2129 2148 2147)
4(2147 2148 2167 2166)
4(2166 2167 2186 2185)
4(2185 2186 2205 2204)
4(2204 2205 2224 2223)
4(2223 2224 2243 2242)
4(2242 2243 2262 2261)
4(2261 2262 2281 2280)
4(2280 2281 2300 2299)
4(2299 2300 2319 2318)
4(2318 2319 2338 2337)
4(2337 2338 2357 2356)
4(2356 2357 2376 2375)
4(2375 2376 2395 2394)
4(2394 2395 2414 2413)
4(358 359 1636 1635)
4(1635 1636 1655 1654)
4(1654 1655 1674 1673)
4(1673 1674 1693 1692)
4(1692 1693 1712 1711)
4(1711 1712 1731 1730)
4(1730 1731 1750 1749)
4(1749 1750 1769 1768)
4(1768 1769 1788 1787)
4(1787 1788 1807 1806)
4(1806 1807 1826 1825)
4(1825 1826 1845 1844)
4(1844 1845 1864 1863)
4(1863 1864 1883 1882)
4(1882 1883 1902 1901)
4(1901 1902 1921 1920)
4(1920 1921 1940 1939)
4(1939 1940 1959 1958)
4(1958 1959 1978 1977)
4(1977 1978 1997 1996)
4(1996 1997 2016 2015)
4(2015 2016 2035 2034)
4(2034 2035 2054 2053)
4(2053 2054 2073 2072)
4(2072 2073 2092 2091)
4(2091 2092 2111 2110)
4(2110 2111 2130 2129)
4(2129 2130 2149 2148)
4(2148 2149 2168 2167)
4(2167 2168 2187 2186)
4(2186 2187 2206 2205)
4(2205 2206 2225 2224)
4(2224 2225 2244 2243)
4(2243 2244 2263 2262)
4(2262 2263 2282 2281)
4(2281 2282 2301 2300)
4(2300 2301 2320 2319)
4(2319 2320 2339 2338)
4(2338 2339 2358 2357)
4(2357 2358 2377 2376)
4(2376 2377 2396 2395)
4(2395 2396 2415 2414)
4(359 360 1637 1636)
4(1636 1637 1656 1655)
4(1655 1656 1675 1674)
4(1674 1675 1694 1693)
4(1693 1694 1713 1712)
4(1712 1713 1732 1731)
4(1731 1732 1751 1750)
4(1750 1751 1770 1769)
4(1769 1770 1789 1788)
4(1788 1789 1808 1807)
4(1807 1808 1827 1826)
4(1826 1827 1846 1845)
4(1845 1846 1865 1864)
4(1864 1865 1884 1883)
4(1883 1884 1903 1902)
4(1902 1903 1922 1921)
4(1921 1922 1941 1940)
4(1940 1941 1960 1959)
4(1959 1960 1979 1978)
4(1978 1979 1998 1997)
4(1997 1998 2017 2016)
4(2016 2017 2036 2035)
4(2035 2036 2055 2054)
4(2054 2055 2074 2073)
4(2073 2074 2093 2092)
4(2092 2093 2112 2111)
4(2111 2112 2131 2130)
4(2130 2131 2150 2149)
4(2149 2150 2169 2168)
4(2168 2169 2188 2187)
4(2187 2188 2207 2206)
4(2206 2207 2226 2225)
4(2225 2226 2245 2244)
4(2244 2245 2264 2263)
4(2263 2264 2283 2282)
4(2282 2283 2302 2301)
4(2301 2302 2321 2320)
4(2320 2321 2340 2339)
4(2339 2340 2359 2358)
4(2358 2359 2378 2377)
4(2377 2378 2397 2396)
4(2396 2397 2416 2415)
4(360 361 1638 1637)
4(1637 1638 1657 1656)
4(1656 1657 1676 1675)
4(1675 1676 1695 1694)
4(1694 1695 1714 1713)
4(1713 1714 1733 1732)
4(1732 1733 1752 1751)
4(1751 1752 1771 1770)
4(1770 1771 1790 1789)
4(1789 1790 1809 1808)
4(1808 1809 1828 1827)
4(1827 1828 1847 1846)
4(1846 1847 1866 1865)
4(1865 1866 1885 1884)
4(1884 1885 1904 1903)
4(1903 1904 1923 1922)
4(1922 1923 1942 1941)
4(1941 1942 1961 1960)
4(1960 1961 1980 1979)
4(1979 1980 1999 1998)
4(1998 1999 2018 2017)
4(2017 2018 2037 2036)
4(2036 2037 2056 2055)
4(2055 2056 2075 2074)
4(2074 2075 2094 2093)
4(2093 2094 2113 2112)
4(2112 2113 2132 2131)
4(2131 2132 2151 2150)
4(2150 2151 2170 2169)
4(2169 2170 2189 2188)
4(2188 2189 2208 2207)
4(2207 2208 2227 2226)
4(2226 2227 2246 2245)
4(2245 2246 2265 2264)
4(2264 2265 2284 2283)
4(2283 2284 2303 2302)
4(2302 2303 2322 2321)
4(2321 2322 2341 2340)
4(2340 2341 2360 2359)
4(2359 2360 2379 2378)
4(2378 2379 2398 2397)
4(2397 2398 2417 2416)
4(0 1 421 362)
4(362 421 422 363)
4(363 422 423 364)
4(364 423 424 365)
4(365 424 425 366)
4(366 425 426 367)
4(367 426 427 368)
4(368 427 428 369)
4(369 428 429 370)
4(370 429 430 371)
4(371 430 431 372)
4(372 431 432 373)
4(373 432 433 374)
4(374 433 434 375)
4(375 434 435 376)
4(376 435 436 377)
4(377 436 437 378)
4(378 437 438 379)
4(379 438 439 380)
4(380 439 440 381)
4(381 440 441 382)
4(382 441 442 383)
4(383 442 443 384)
4(384 443 444 385)
4(385 444 445 386)
4(387 388 447 446)
4(386 445 447 388)
4(387 446 448 389)
4(389 448 450 391)
4(391 450 452 393)
4(393 452 454 395)
4(395 454 456 397)
4(397 456 458 399)
4(399 458 460 401)
4(401 460 462 403)
4(403 462 464 405)
4(405 464 466 407)
4(407 466 468 409)
4(409 468 470 411)
4(411 470 472 413)
4(413 472 474 415)
4(415 474 476 417)
4(417 476 478 419)
)


// ************************************************************************* //
