/*--------------------------------*- C++ -*----------------------------------*\
| =========                 |                                                 |
| \\      /  F ield         | OpenFOAM: The Open Source CFD Toolbox           |
|  \\    /   O peration     | Version:  2506                                  |
|   \\  /    A nd           | Website:  www.openfoam.com                      |
|    \\/     M anipulation  |                                                 |
\*---------------------------------------------------------------------------*/
FoamFile
{
    version     2.0;
    format      ascii;
    arch        "LSB;label=32;scalar=64";
    note        "nPoints:2418  nCells:1134  nFaces:4610  nInternalFaces:2194";
    class       labelList;
    location    "constant/polyMesh";
    object      neighbour;
}
// * * * * * * * * * * * * * * * * * * * * * * * * * * * * * * * * * * * * * //


2194
(
1
19
2
20
3
21
4
22
5
23
6
24
7
25
8
26
9
27
10
28
11
29
12
30
13
31
14
32
15
33
16
34
17
35
18
36
37
20
38
21
39
22
40
23
41
24
42
25
43
26
44
27
45
28
46
29
47
30
48
31
49
32
50
33
51
34
52
35
53
36
54
37
55
56
39
57
40
58
41
59
42
60
43
61
44
62
45
63
46
64
47
65
48
66
49
67
50
68
51
69
52
70
53
71
54
72
55
73
56
74
75
58
76
59
77
60
78
61
79
62
80
63
81
64
82
65
83
66
84
67
85
68
86
69
87
70
88
71
89
72
90
73
91
74
92
75
93
94
77
95
78
96
79
97
80
98
81
99
82
100
83
101
84
102
85
103
86
104
87
105
88
106
89
107
90
108
91
109
92
110
93
111
94
112
113
96
114
97
115
98
116
99
117
100
118
101
119
102
120
103
121
104
122
105
123
106
124
107
125
108
126
109
127
110
128
111
129
112
130
113
131
132
115
133
116
134
117
135
118
136
119
137
120
138
121
139
122
140
123
141
124
142
125
143
126
144
127
145
128
146
129
147
130
148
131
149
132
150
151
134
336
135
337
136
338
137
339
138
340
139
341
140
342
141
343
142
344
143
345
144
346
145
347
146
348
147
349
148
350
149
351
150
352
151
353
354
153
272
154
276
155
280
156
284
157
288
158
292
159
296
160
300
161
304
162
308
163
312
164
316
165
320
166
324
167
328
332
169
172
170
173
171
174
175
336
173
176
174
177
175
178
179
355
177
180
178
181
179
182
183
374
181
184
182
185
183
186
187
393
185
188
186
189
187
190
191
412
189
192
190
193
191
194
195
431
193
196
194
197
195
198
199
450
197
200
198
201
199
202
203
469
201
204
202
205
203
206
207
488
205
208
206
209
207
210
211
507
209
212
210
213
211
214
215
526
213
216
214
217
215
218
219
545
217
220
218
221
219
222
223
564
221
224
222
225
223
226
227
583
225
228
226
229
227
230
231
602
229
232
230
233
231
234
235
621
233
236
234
237
235
238
239
640
237
240
238
241
239
242
243
659
241
244
242
245
243
246
247
678
245
248
246
249
247
250
251
697
249
252
250
253
251
254
255
716
253
256
254
257
255
258
259
735
257
260
258
261
259
262
263
754
261
264
262
265
263
266
267
773
265
268
266
269
267
270
271
792
269
272
270
273
271
274
275
811
273
276
274
277
275
278
279
830
277
280
278
281
279
282
283
849
281
284
282
285
283
286
287
868
285
288
286
289
287
290
291
887
289
292
290
293
291
294
295
906
293
296
294
297
295
298
299
925
297
300
298
301
299
302
303
944
301
304
302
305
303
306
307
963
305
308
306
309
307
310
311
982
309
312
310
313
311
314
315
1001
313
316
314
317
315
318
319
1020
317
320
318
321
319
322
323
1039
321
324
322
325
323
326
327
1058
325
328
326
329
327
330
331
1077
329
332
330
333
331
334
335
1096
333
334
335
1115
337
355
338
356
339
357
340
358
341
359
342
360
343
361
344
362
345
363
346
364
347
365
348
366
349
367
350
368
351
369
352
370
353
371
354
372
373
356
374
357
375
358
376
359
377
360
378
361
379
362
380
363
381
364
382
365
383
366
384
367
385
368
386
369
387
370
388
371
389
372
390
373
391
392
375
393
376
394
377
395
378
396
379
397
380
398
381
399
382
400
383
401
384
402
385
403
386
404
387
405
388
406
389
407
390
408
391
409
392
410
411
394
412
395
413
396
414
397
415
398
416
399
417
400
418
401
419
402
420
403
421
404
422
405
423
406
424
407
425
408
426
409
427
410
428
411
429
430
413
431
414
432
415
433
416
434
417
435
418
436
419
437
420
438
421
439
422
440
423
441
424
442
425
443
426
444
427
445
428
446
429
447
430
448
449
432
450
433
451
434
452
435
453
436
454
437
455
438
456
439
457
440
458
441
459
442
460
443
461
444
462
445
463
446
464
447
465
448
466
449
467
468
451
469
452
470
453
471
454
472
455
473
456
474
457
475
458
476
459
477
460
478
461
479
462
480
463
481
464
482
465
483
466
484
467
485
468
486
487
470
488
471
489
472
490
473
491
474
492
475
493
476
494
477
495
478
496
479
497
480
498
481
499
482
500
483
501
484
502
485
503
486
504
487
505
506
489
507
490
508
491
509
492
510
493
511
494
512
495
513
496
514
497
515
498
516
499
517
500
518
501
519
502
520
503
521
504
522
505
523
506
524
525
508
526
509
527
510
528
511
529
512
530
513
531
514
532
515
533
516
534
517
535
518
536
519
537
520
538
521
539
522
540
523
541
524
542
525
543
544
527
545
528
546
529
547
530
548
531
549
532
550
533
551
534
552
535
553
536
554
537
555
538
556
539
557
540
558
541
559
542
560
543
561
544
562
563
546
564
547
565
548
566
549
567
550
568
551
569
552
570
553
571
554
572
555
573
556
574
557
575
558
576
559
577
560
578
561
579
562
580
563
581
582
565
583
566
584
567
585
568
586
569
587
570
588
571
589
572
590
573
591
574
592
575
593
576
594
577
595
578
596
579
597
580
598
581
599
582
600
601
584
602
585
603
586
604
587
605
588
606
589
607
590
608
591
609
592
610
593
611
594
612
595
613
596
614
597
615
598
616
599
617
600
618
601
619
620
603
621
604
622
605
623
606
624
607
625
608
626
609
627
610
628
611
629
612
630
613
631
614
632
615
633
616
634
617
635
618
636
619
637
620
638
639
622
640
623
641
624
642
625
643
626
644
627
645
628
646
629
647
630
648
631
649
632
650
633
651
634
652
635
653
636
654
637
655
638
656
639
657
658
641
659
642
660
643
661
644
662
645
663
646
664
647
665
648
666
649
667
650
668
651
669
652
670
653
671
654
672
655
673
656
674
657
675
658
676
677
660
678
661
679
662
680
663
681
664
682
665
683
666
684
667
685
668
686
669
687
670
688
671
689
672
690
673
691
674
692
675
693
676
694
677
695
696
679
697
680
698
681
699
682
700
683
701
684
702
685
703
686
704
687
705
688
706
689
707
690
708
691
709
692
710
693
711
694
712
695
713
696
714
715
698
716
699
717
700
718
701
719
702
720
703
721
704
722
705
723
706
724
707
725
708
726
709
727
710
728
711
729
712
730
713
731
714
732
715
733
734
717
735
718
736
719
737
720
738
721
739
722
740
723
741
724
742
725
743
726
744
727
745
728
746
729
747
730
748
731
749
732
750
733
751
734
752
753
736
754
737
755
738
756
739
757
740
758
741
759
742
760
743
761
744
762
745
763
746
764
747
765
748
766
749
767
750
768
751
769
752
770
753
771
772
755
773
756
774
757
775
758
776
759
777
760
778
761
779
762
780
763
781
764
782
765
783
766
784
767
785
768
786
769
787
770
788
771
789
772
790
791
774
792
775
793
776
794
777
795
778
796
779
797
780
798
781
799
782
800
783
801
784
802
785
803
786
804
787
805
788
806
789
807
790
808
791
809
810
793
811
794
812
795
813
796
814
797
815
798
816
799
817
800
818
801
819
802
820
803
821
804
822
805
823
806
824
807
825
808
826
809
827
810
828
829
812
830
813
831
814
832
815
833
816
834
817
835
818
836
819
837
820
838
821
839
822
840
823
841
824
842
825
843
826
844
827
845
828
846
829
847
848
831
849
832
850
833
851
834
852
835
853
836
854
837
855
838
856
839
857
840
858
841
859
842
860
843
861
844
862
845
863
846
864
847
865
848
866
867
850
868
851
869
852
870
853
871
854
872
855
873
856
874
857
875
858
876
859
877
860
878
861
879
862
880
863
881
864
882
865
883
866
884
867
885
886
869
887
870
888
871
889
872
890
873
891
874
892
875
893
876
894
877
895
878
896
879
897
880
898
881
899
882
900
883
901
884
902
885
903
886
904
905
888
906
889
907
890
908
891
909
892
910
893
911
894
912
895
913
896
914
897
915
898
916
899
917
900
918
901
919
902
920
903
921
904
922
905
923
924
907
925
908
926
909
927
910
928
911
929
912
930
913
931
914
932
915
933
916
934
917
935
918
936
919
937
920
938
921
939
922
940
923
941
924
942
943
926
944
927
945
928
946
929
947
930
948
931
949
932
950
933
951
934
952
935
953
936
954
937
955
938
956
939
957
940
958
941
959
942
960
943
961
962
945
963
946
964
947
965
948
966
949
967
950
968
951
969
952
970
953
971
954
972
955
973
956
974
957
975
958
976
959
977
960
978
961
979
962
980
981
964
982
965
983
966
984
967
985
968
986
969
987
970
988
971
989
972
990
973
991
974
992
975
993
976
994
977
995
978
996
979
997
980
998
981
999
1000
983
1001
984
1002
985
1003
986
1004
987
1005
988
1006
989
1007
990
1008
991
1009
992
1010
993
1011
994
1012
995
1013
996
1014
997
1015
998
1016
999
1017
1000
1018
1019
1002
1020
1003
1021
1004
1022
1005
1023
1006
1024
1007
1025
1008
1026
1009
1027
1010
1028
1011
1029
1012
1030
1013
1031
1014
1032
1015
1033
1016
1034
1017
1035
1018
1036
1019
1037
1038
1021
1039
1022
1040
1023
1041
1024
1042
1025
1043
1026
1044
1027
1045
1028
1046
1029
1047
1030
1048
1031
1049
1032
1050
1033
1051
1034
1052
1035
1053
1036
1054
1037
1055
1038
1056
1057
1040
1058
1041
1059
1042
1060
1043
1061
1044
1062
1045
1063
1046
1064
1047
1065
1048
1066
1049
1067
1050
1068
1051
1069
1052
1070
1053
1071
1054
1072
1055
1073
1056
1074
1057
1075
1076
1059
1077
1060
1078
1061
1079
1062
1080
1063
1081
1064
1082
1065
1083
1066
1084
1067
1085
1068
1086
1069
1087
1070
1088
1071
1089
1072
1090
1073
1091
1074
1092
1075
1093
1076
1094
1095
1078
1096
1079
1097
1080
1098
1081
1099
1082
1100
1083
1101
1084
1102
1085
1103
1086
1104
1087
1105
1088
1106
1089
1107
1090
1108
1091
1109
1092
1110
1093
1111
1094
1112
1095
1113
1114
1097
1115
1098
1116
1099
1117
1100
1118
1101
1119
1102
1120
1103
1121
1104
1122
1105
1123
1106
1124
1107
1125
1108
1126
1109
1127
1110
1128
1111
1129
1112
1130
1113
1131
1114
1132
1133
1116
1117
1118
1119
1120
1121
1122
1123
1124
1125
1126
1127
1128
1129
1130
1131
1132
1133
)


// ************************************************************************* //
