/*--------------------------------*- C++ -*----------------------------------*\
| =========                 |                                                 |
| \\      /  F ield         | OpenFOAM: The Open Source CFD Toolbox           |
|  \\    /   O peration     | Version:  2506                                  |
|   \\  /    A nd           | Website:  www.openfoam.com                      |
|    \\/     M anipulation  |                                                 |
\*---------------------------------------------------------------------------*/
FoamFile
{
    version     2.0;
    format      ascii;
    arch        "LSB;label=32;scalar=64";
    class       faceList;
    location    "constant/polyMesh";
    object      faces;
}
// * * * * * * * * * * * * * * * * * * * * * * * * * * * * * * * * * * * * * //


4609
(
4(1 25 241 217)
4(24 240 241 25)
4(2 26 242 218)
4(25 241 242 26)
4(3 27 243 219)
4(26 242 243 27)
4(4 28 244 220)
4(27 243 244 28)
4(5 29 245 221)
4(28 244 245 29)
4(6 30 246 222)
4(29 245 246 30)
4(7 31 247 223)
4(30 246 247 31)
4(8 32 248 224)
4(31 247 248 32)
4(9 33 249 225)
4(32 248 249 33)
4(10 34 250 226)
4(33 249 250 34)
4(11 35 251 227)
4(34 250 251 35)
4(12 36 252 228)
4(35 251 252 36)
4(13 37 253 229)
4(36 252 253 37)
4(14 38 254 230)
4(37 253 254 38)
4(15 39 255 231)
4(38 254 255 39)
4(16 40 256 232)
4(39 255 256 40)
4(17 41 257 233)
4(40 256 257 41)
4(18 42 258 234)
4(41 257 258 42)
4(19 43 259 235)
4(42 258 259 43)
4(20 44 260 236)
4(43 259 260 44)
4(21 45 261 237)
4(44 260 261 45)
4(22 46 262 238)
4(45 261 262 46)
4(46 262 263 47)
4(25 49 265 241)
4(48 264 265 49)
4(26 50 266 242)
4(49 265 266 50)
4(27 51 267 243)
4(50 266 267 51)
4(28 52 268 244)
4(51 267 268 52)
4(29 53 269 245)
4(52 268 269 53)
4(30 54 270 246)
4(53 269 270 54)
4(31 55 271 247)
4(54 270 271 55)
4(32 56 272 248)
4(55 271 272 56)
4(33 57 273 249)
4(56 272 273 57)
4(34 58 274 250)
4(57 273 274 58)
4(35 59 275 251)
4(58 274 275 59)
4(36 60 276 252)
4(59 275 276 60)
4(37 61 277 253)
4(60 276 277 61)
4(38 62 278 254)
4(61 277 278 62)
4(39 63 279 255)
4(62 278 279 63)
4(40 64 280 256)
4(63 279 280 64)
4(41 65 281 257)
4(64 280 281 65)
4(42 66 282 258)
4(65 281 282 66)
4(43 67 283 259)
4(66 282 283 67)
4(44 68 284 260)
4(67 283 284 68)
4(45 69 285 261)
4(68 284 285 69)
4(46 70 286 262)
4(69 285 286 70)
4(70 286 287 71)
4(49 73 289 265)
4(72 288 289 73)
4(50 74 290 266)
4(73 289 290 74)
4(51 75 291 267)
4(74 290 291 75)
4(52 76 292 268)
4(75 291 292 76)
4(53 77 293 269)
4(76 292 293 77)
4(54 78 294 270)
4(77 293 294 78)
4(55 79 295 271)
4(78 294 295 79)
4(56 80 296 272)
4(79 295 296 80)
4(57 81 297 273)
4(80 296 297 81)
4(58 82 298 274)
4(81 297 298 82)
4(59 83 299 275)
4(82 298 299 83)
4(60 84 300 276)
4(83 299 300 84)
4(61 85 301 277)
4(84 300 301 85)
4(62 86 302 278)
4(85 301 302 86)
4(63 87 303 279)
4(86 302 303 87)
4(64 88 304 280)
4(87 303 304 88)
4(65 89 305 281)
4(88 304 305 89)
4(66 90 306 282)
4(89 305 306 90)
4(67 91 307 283)
4(90 306 307 91)
4(68 92 308 284)
4(91 307 308 92)
4(69 93 309 285)
4(92 308 309 93)
4(70 94 310 286)
4(93 309 310 94)
4(94 310 311 95)
4(73 97 313 289)
4(96 312 313 97)
4(74 98 314 290)
4(97 313 314 98)
4(75 99 315 291)
4(98 314 315 99)
4(76 100 316 292)
4(99 315 316 100)
4(77 101 317 293)
4(100 316 317 101)
4(78 102 318 294)
4(101 317 318 102)
4(79 103 319 295)
4(102 318 319 103)
4(80 104 320 296)
4(103 319 320 104)
4(81 105 321 297)
4(104 320 321 105)
4(82 106 322 298)
4(105 321 322 106)
4(83 107 323 299)
4(106 322 323 107)
4(84 108 324 300)
4(107 323 324 108)
4(85 109 325 301)
4(108 324 325 109)
4(86 110 326 302)
4(109 325 326 110)
4(87 111 327 303)
4(110 326 327 111)
4(88 112 328 304)
4(111 327 328 112)
4(89 113 329 305)
4(112 328 329 113)
4(90 114 330 306)
4(113 329 330 114)
4(91 115 331 307)
4(114 330 331 115)
4(92 116 332 308)
4(115 331 332 116)
4(93 117 333 309)
4(116 332 333 117)
4(94 118 334 310)
4(117 333 334 118)
4(118 334 335 119)
4(97 121 337 313)
4(120 336 337 121)
4(98 122 338 314)
4(121 337 338 122)
4(99 123 339 315)
4(122 338 339 123)
4(100 124 340 316)
4(123 339 340 124)
4(101 125 341 317)
4(124 340 341 125)
4(102 126 342 318)
4(125 341 342 126)
4(103 127 343 319)
4(126 342 343 127)
4(104 128 344 320)
4(127 343 344 128)
4(105 129 345 321)
4(128 344 345 129)
4(106 130 346 322)
4(129 345 346 130)
4(107 131 347 323)
4(130 346 347 131)
4(108 132 348 324)
4(131 347 348 132)
4(109 133 349 325)
4(132 348 349 133)
4(110 134 350 326)
4(133 349 350 134)
4(111 135 351 327)
4(134 350 351 135)
4(112 136 352 328)
4(135 351 352 136)
4(113 137 353 329)
4(136 352 353 137)
4(114 138 354 330)
4(137 353 354 138)
4(115 139 355 331)
4(138 354 355 139)
4(116 140 356 332)
4(139 355 356 140)
4(117 141 357 333)
4(140 356 357 141)
4(118 142 358 334)
4(141 357 358 142)
4(142 358 359 143)
4(121 145 361 337)
4(144 360 361 145)
4(122 146 362 338)
4(145 361 362 146)
4(123 147 363 339)
4(146 362 363 147)
4(124 148 364 340)
4(147 363 364 148)
4(125 149 365 341)
4(148 364 365 149)
4(126 150 366 342)
4(149 365 366 150)
4(127 151 367 343)
4(150 366 367 151)
4(128 152 368 344)
4(151 367 368 152)
4(129 153 369 345)
4(152 368 369 153)
4(130 154 370 346)
4(153 369 370 154)
4(131 155 371 347)
4(154 370 371 155)
4(132 156 372 348)
4(155 371 372 156)
4(133 157 373 349)
4(156 372 373 157)
4(134 158 374 350)
4(157 373 374 158)
4(135 159 375 351)
4(158 374 375 159)
4(136 160 376 352)
4(159 375 376 160)
4(137 161 377 353)
4(160 376 377 161)
4(138 162 378 354)
4(161 377 378 162)
4(139 163 379 355)
4(162 378 379 163)
4(140 164 380 356)
4(163 379 380 164)
4(141 165 381 357)
4(164 380 381 165)
4(142 166 382 358)
4(165 381 382 166)
4(166 382 383 167)
4(145 169 385 361)
4(168 384 385 169)
4(146 170 386 362)
4(169 385 386 170)
4(147 171 387 363)
4(170 386 387 171)
4(148 172 388 364)
4(171 387 388 172)
4(149 173 389 365)
4(172 388 389 173)
4(150 174 390 366)
4(173 389 390 174)
4(151 175 391 367)
4(174 390 391 175)
4(152 176 392 368)
4(175 391 392 176)
4(153 177 393 369)
4(176 392 393 177)
4(154 178 394 370)
4(177 393 394 178)
4(155 179 395 371)
4(178 394 395 179)
4(156 180 396 372)
4(179 395 396 180)
4(157 181 397 373)
4(180 396 397 181)
4(158 182 398 374)
4(181 397 398 182)
4(159 183 399 375)
4(182 398 399 183)
4(160 184 400 376)
4(183 399 400 184)
4(161 185 401 377)
4(184 400 401 185)
4(162 186 402 378)
4(185 401 402 186)
4(163 187 403 379)
4(186 402 403 187)
4(164 188 404 380)
4(187 403 404 188)
4(165 189 405 381)
4(188 404 405 189)
4(166 190 406 382)
4(189 405 406 190)
4(190 406 407 191)
4(169 193 409 385)
4(192 408 409 193)
4(170 194 410 386)
4(193 409 410 194)
4(171 195 411 387)
4(194 410 411 195)
4(172 196 412 388)
4(195 411 412 196)
4(173 197 413 389)
4(196 412 413 197)
4(174 198 414 390)
4(197 413 414 198)
4(175 199 415 391)
4(198 414 415 199)
4(176 200 416 392)
4(199 415 416 200)
4(177 201 417 393)
4(200 416 417 201)
4(178 202 418 394)
4(201 417 418 202)
4(179 203 419 395)
4(202 418 419 203)
4(180 204 420 396)
4(203 419 420 204)
4(181 205 421 397)
4(204 420 421 205)
4(182 206 422 398)
4(205 421 422 206)
4(183 207 423 399)
4(206 422 423 207)
4(184 208 424 400)
4(207 423 424 208)
4(185 209 425 401)
4(208 424 425 209)
4(186 210 426 402)
4(209 425 426 210)
4(187 211 427 403)
4(210 426 427 211)
4(188 212 428 404)
4(211 427 428 212)
4(189 213 429 405)
4(212 428 429 213)
4(190 214 430 406)
4(213 429 430 214)
4(214 430 431 215)
4(193 433 1425 409)
4(432 1424 1425 433)
4(194 434 1426 410)
4(433 1425 1426 434)
4(195 435 1427 411)
4(434 1426 1427 435)
4(196 436 1428 412)
4(435 1427 1428 436)
4(197 437 1429 413)
4(436 1428 1429 437)
4(198 438 1430 414)
4(437 1429 1430 438)
4(199 439 1431 415)
4(438 1430 1431 439)
4(200 440 1432 416)
4(439 1431 1432 440)
4(201 441 1433 417)
4(440 1432 1433 441)
4(202 442 1434 418)
4(441 1433 1434 442)
4(203 443 1435 419)
4(442 1434 1435 443)
4(204 444 1436 420)
4(443 1435 1436 444)
4(205 445 1437 421)
4(444 1436 1437 445)
4(206 446 1438 422)
4(445 1437 1438 446)
4(207 447 1439 423)
4(446 1438 1439 447)
4(208 448 1440 424)
4(447 1439 1440 448)
4(209 449 1441 425)
4(448 1440 1441 449)
4(210 450 1442 426)
4(449 1441 1442 450)
4(211 451 1443 427)
4(450 1442 1443 451)
4(212 452 1444 428)
4(451 1443 1444 452)
4(213 453 1445 429)
4(452 1444 1445 453)
4(214 454 1446 430)
4(453 1445 1446 454)
4(454 1446 1447 455)
4(433 457 1449 1425)
4(456 1448 1449 457)
4(434 458 1450 1426)
4(457 1449 1450 458)
4(435 459 1451 1427)
4(458 1450 1451 459)
4(436 460 1452 1428)
4(459 1451 1452 460)
4(437 461 1453 1429)
4(460 1452 1453 461)
4(438 462 1454 1430)
4(461 1453 1454 462)
4(439 463 1455 1431)
4(462 1454 1455 463)
4(440 464 1456 1432)
4(463 1455 1456 464)
4(441 465 1457 1433)
4(464 1456 1457 465)
4(442 466 1458 1434)
4(465 1457 1458 466)
4(443 467 1459 1435)
4(466 1458 1459 467)
4(444 468 1460 1436)
4(467 1459 1460 468)
4(445 469 1461 1437)
4(468 1460 1461 469)
4(446 470 1462 1438)
4(469 1461 1462 470)
4(447 471 1463 1439)
4(470 1462 1463 471)
4(448 472 1464 1440)
4(471 1463 1464 472)
4(449 473 1465 1441)
4(472 1464 1465 473)
4(450 474 1466 1442)
4(473 1465 1466 474)
4(451 475 1467 1443)
4(474 1466 1467 475)
4(452 476 1468 1444)
4(475 1467 1468 476)
4(453 477 1469 1445)
4(476 1468 1469 477)
4(454 478 1470 1446)
4(477 1469 1470 478)
4(478 1470 1471 479)
4(457 481 1473 1449)
4(480 1472 1473 481)
4(458 482 1474 1450)
4(481 1473 1474 482)
4(459 483 1475 1451)
4(482 1474 1475 483)
4(460 484 1476 1452)
4(483 1475 1476 484)
4(461 485 1477 1453)
4(484 1476 1477 485)
4(462 486 1478 1454)
4(485 1477 1478 486)
4(463 487 1479 1455)
4(486 1478 1479 487)
4(464 488 1480 1456)
4(487 1479 1480 488)
4(465 489 1481 1457)
4(488 1480 1481 489)
4(466 490 1482 1458)
4(489 1481 1482 490)
4(467 491 1483 1459)
4(490 1482 1483 491)
4(468 492 1484 1460)
4(491 1483 1484 492)
4(469 493 1485 1461)
4(492 1484 1485 493)
4(470 494 1486 1462)
4(493 1485 1486 494)
4(471 495 1487 1463)
4(494 1486 1487 495)
4(472 496 1488 1464)
4(495 1487 1488 496)
4(473 497 1489 1465)
4(496 1488 1489 497)
4(474 498 1490 1466)
4(497 1489 1490 498)
4(475 499 1491 1467)
4(498 1490 1491 499)
4(476 500 1492 1468)
4(499 1491 1492 500)
4(477 501 1493 1469)
4(500 1492 1493 501)
4(478 502 1494 1470)
4(501 1493 1494 502)
4(502 1494 1495 503)
4(481 505 1497 1473)
4(504 1496 1497 505)
4(482 506 1498 1474)
4(505 1497 1498 506)
4(483 507 1499 1475)
4(506 1498 1499 507)
4(484 508 1500 1476)
4(507 1499 1500 508)
4(485 509 1501 1477)
4(508 1500 1501 509)
4(486 510 1502 1478)
4(509 1501 1502 510)
4(487 511 1503 1479)
4(510 1502 1503 511)
4(488 512 1504 1480)
4(511 1503 1504 512)
4(489 513 1505 1481)
4(512 1504 1505 513)
4(490 514 1506 1482)
4(513 1505 1506 514)
4(491 515 1507 1483)
4(514 1506 1507 515)
4(492 516 1508 1484)
4(515 1507 1508 516)
4(493 517 1509 1485)
4(516 1508 1509 517)
4(494 518 1510 1486)
4(517 1509 1510 518)
4(495 519 1511 1487)
4(518 1510 1511 519)
4(496 520 1512 1488)
4(519 1511 1512 520)
4(497 521 1513 1489)
4(520 1512 1513 521)
4(498 522 1514 1490)
4(521 1513 1514 522)
4(499 523 1515 1491)
4(522 1514 1515 523)
4(500 524 1516 1492)
4(523 1515 1516 524)
4(501 525 1517 1493)
4(524 1516 1517 525)
4(502 526 1518 1494)
4(525 1517 1518 526)
4(526 1518 1519 527)
4(505 529 1521 1497)
4(528 1520 1521 529)
4(506 530 1522 1498)
4(529 1521 1522 530)
4(507 531 1523 1499)
4(530 1522 1523 531)
4(508 532 1524 1500)
4(531 1523 1524 532)
4(509 533 1525 1501)
4(532 1524 1525 533)
4(510 534 1526 1502)
4(533 1525 1526 534)
4(511 535 1527 1503)
4(534 1526 1527 535)
4(512 536 1528 1504)
4(535 1527 1528 536)
4(513 537 1529 1505)
4(536 1528 1529 537)
4(514 538 1530 1506)
4(537 1529 1530 538)
4(515 539 1531 1507)
4(538 1530 1531 539)
4(516 540 1532 1508)
4(539 1531 1532 540)
4(517 541 1533 1509)
4(540 1532 1533 541)
4(518 542 1534 1510)
4(541 1533 1534 542)
4(519 543 1535 1511)
4(542 1534 1535 543)
4(520 544 1536 1512)
4(543 1535 1536 544)
4(521 545 1537 1513)
4(544 1536 1537 545)
4(522 546 1538 1514)
4(545 1537 1538 546)
4(523 547 1539 1515)
4(546 1538 1539 547)
4(524 548 1540 1516)
4(547 1539 1540 548)
4(525 549 1541 1517)
4(548 1540 1541 549)
4(526 550 1542 1518)
4(549 1541 1542 550)
4(550 1542 1543 551)
4(529 553 1545 1521)
4(552 1544 1545 553)
4(530 554 1546 1522)
4(553 1545 1546 554)
4(531 555 1547 1523)
4(554 1546 1547 555)
4(532 556 1548 1524)
4(555 1547 1548 556)
4(533 557 1549 1525)
4(556 1548 1549 557)
4(534 558 1550 1526)
4(557 1549 1550 558)
4(535 559 1551 1527)
4(558 1550 1551 559)
4(536 560 1552 1528)
4(559 1551 1552 560)
4(537 561 1553 1529)
4(560 1552 1553 561)
4(538 562 1554 1530)
4(561 1553 1554 562)
4(539 563 1555 1531)
4(562 1554 1555 563)
4(540 564 1556 1532)
4(563 1555 1556 564)
4(541 565 1557 1533)
4(564 1556 1557 565)
4(542 566 1558 1534)
4(565 1557 1558 566)
4(543 567 1559 1535)
4(566 1558 1559 567)
4(544 568 1560 1536)
4(567 1559 1560 568)
4(545 569 1561 1537)
4(568 1560 1561 569)
4(546 570 1562 1538)
4(569 1561 1562 570)
4(547 571 1563 1539)
4(570 1562 1563 571)
4(548 572 1564 1540)
4(571 1563 1564 572)
4(549 573 1565 1541)
4(572 1564 1565 573)
4(550 574 1566 1542)
4(573 1565 1566 574)
4(574 1566 1567 575)
4(553 577 1569 1545)
4(576 1568 1569 577)
4(554 578 1570 1546)
4(577 1569 1570 578)
4(555 579 1571 1547)
4(578 1570 1571 579)
4(556 580 1572 1548)
4(579 1571 1572 580)
4(557 581 1573 1549)
4(580 1572 1573 581)
4(558 582 1574 1550)
4(581 1573 1574 582)
4(559 583 1575 1551)
4(582 1574 1575 583)
4(560 584 1576 1552)
4(583 1575 1576 584)
4(561 585 1577 1553)
4(584 1576 1577 585)
4(562 586 1578 1554)
4(585 1577 1578 586)
4(563 587 1579 1555)
4(586 1578 1579 587)
4(564 588 1580 1556)
4(587 1579 1580 588)
4(565 589 1581 1557)
4(588 1580 1581 589)
4(566 590 1582 1558)
4(589 1581 1582 590)
4(567 591 1583 1559)
4(590 1582 1583 591)
4(568 592 1584 1560)
4(591 1583 1584 592)
4(569 593 1585 1561)
4(592 1584 1585 593)
4(570 594 1586 1562)
4(593 1585 1586 594)
4(571 595 1587 1563)
4(594 1586 1587 595)
4(572 596 1588 1564)
4(595 1587 1588 596)
4(573 597 1589 1565)
4(596 1588 1589 597)
4(574 598 1590 1566)
4(597 1589 1590 598)
4(598 1590 1591 599)
4(577 601 1593 1569)
4(600 1592 1593 601)
4(578 602 1594 1570)
4(601 1593 1594 602)
4(579 603 1595 1571)
4(602 1594 1595 603)
4(580 604 1596 1572)
4(603 1595 1596 604)
4(581 605 1597 1573)
4(604 1596 1597 605)
4(582 606 1598 1574)
4(605 1597 1598 606)
4(583 607 1599 1575)
4(606 1598 1599 607)
4(584 608 1600 1576)
4(607 1599 1600 608)
4(585 609 1601 1577)
4(608 1600 1601 609)
4(586 610 1602 1578)
4(609 1601 1602 610)
4(587 611 1603 1579)
4(610 1602 1603 611)
4(588 612 1604 1580)
4(611 1603 1604 612)
4(589 613 1605 1581)
4(612 1604 1605 613)
4(590 614 1606 1582)
4(613 1605 1606 614)
4(591 615 1607 1583)
4(614 1606 1607 615)
4(592 616 1608 1584)
4(615 1607 1608 616)
4(593 617 1609 1585)
4(616 1608 1609 617)
4(594 618 1610 1586)
4(617 1609 1610 618)
4(595 619 1611 1587)
4(618 1610 1611 619)
4(596 620 1612 1588)
4(619 1611 1612 620)
4(597 621 1613 1589)
4(620 1612 1613 621)
4(598 622 1614 1590)
4(621 1613 1614 622)
4(622 1614 1615 623)
4(601 625 1617 1593)
4(624 1616 1617 625)
4(602 626 1618 1594)
4(625 1617 1618 626)
4(603 627 1619 1595)
4(626 1618 1619 627)
4(604 628 1620 1596)
4(627 1619 1620 628)
4(605 629 1621 1597)
4(628 1620 1621 629)
4(606 630 1622 1598)
4(629 1621 1622 630)
4(607 631 1623 1599)
4(630 1622 1623 631)
4(608 632 1624 1600)
4(631 1623 1624 632)
4(609 633 1625 1601)
4(632 1624 1625 633)
4(610 634 1626 1602)
4(633 1625 1626 634)
4(611 635 1627 1603)
4(634 1626 1627 635)
4(612 636 1628 1604)
4(635 1627 1628 636)
4(613 637 1629 1605)
4(636 1628 1629 637)
4(614 638 1630 1606)
4(637 1629 1630 638)
4(615 639 1631 1607)
4(638 1630 1631 639)
4(616 640 1632 1608)
4(639 1631 1632 640)
4(617 641 1633 1609)
4(640 1632 1633 641)
4(618 642 1634 1610)
4(641 1633 1634 642)
4(619 643 1635 1611)
4(642 1634 1635 643)
4(620 644 1636 1612)
4(643 1635 1636 644)
4(621 645 1637 1613)
4(644 1636 1637 645)
4(622 646 1638 1614)
4(645 1637 1638 646)
4(646 1638 1639 647)
4(625 649 1641 1617)
4(648 1640 1641 649)
4(626 650 1642 1618)
4(649 1641 1642 650)
4(627 651 1643 1619)
4(650 1642 1643 651)
4(628 652 1644 1620)
4(651 1643 1644 652)
4(629 653 1645 1621)
4(652 1644 1645 653)
4(630 654 1646 1622)
4(653 1645 1646 654)
4(631 655 1647 1623)
4(654 1646 1647 655)
4(632 656 1648 1624)
4(655 1647 1648 656)
4(633 657 1649 1625)
4(656 1648 1649 657)
4(634 658 1650 1626)
4(657 1649 1650 658)
4(635 659 1651 1627)
4(658 1650 1651 659)
4(636 660 1652 1628)
4(659 1651 1652 660)
4(637 661 1653 1629)
4(660 1652 1653 661)
4(638 662 1654 1630)
4(661 1653 1654 662)
4(639 663 1655 1631)
4(662 1654 1655 663)
4(640 664 1656 1632)
4(663 1655 1656 664)
4(641 665 1657 1633)
4(664 1656 1657 665)
4(642 666 1658 1634)
4(665 1657 1658 666)
4(643 667 1659 1635)
4(666 1658 1659 667)
4(644 668 1660 1636)
4(667 1659 1660 668)
4(645 669 1661 1637)
4(668 1660 1661 669)
4(646 670 1662 1638)
4(669 1661 1662 670)
4(670 1662 1663 671)
4(649 673 1665 1641)
4(672 1664 1665 673)
4(650 674 1666 1642)
4(673 1665 1666 674)
4(651 675 1667 1643)
4(674 1666 1667 675)
4(652 676 1668 1644)
4(675 1667 1668 676)
4(653 677 1669 1645)
4(676 1668 1669 677)
4(654 678 1670 1646)
4(677 1669 1670 678)
4(655 679 1671 1647)
4(678 1670 1671 679)
4(656 680 1672 1648)
4(679 1671 1672 680)
4(657 681 1673 1649)
4(680 1672 1673 681)
4(658 682 1674 1650)
4(681 1673 1674 682)
4(659 683 1675 1651)
4(682 1674 1675 683)
4(660 684 1676 1652)
4(683 1675 1676 684)
4(661 685 1677 1653)
4(684 1676 1677 685)
4(662 686 1678 1654)
4(685 1677 1678 686)
4(663 687 1679 1655)
4(686 1678 1679 687)
4(664 688 1680 1656)
4(687 1679 1680 688)
4(665 689 1681 1657)
4(688 1680 1681 689)
4(666 690 1682 1658)
4(689 1681 1682 690)
4(667 691 1683 1659)
4(690 1682 1683 691)
4(668 692 1684 1660)
4(691 1683 1684 692)
4(669 693 1685 1661)
4(692 1684 1685 693)
4(670 694 1686 1662)
4(693 1685 1686 694)
4(694 1686 1687 695)
4(673 697 1689 1665)
4(696 1688 1689 697)
4(674 698 1690 1666)
4(697 1689 1690 698)
4(675 699 1691 1667)
4(698 1690 1691 699)
4(676 700 1692 1668)
4(699 1691 1692 700)
4(677 701 1693 1669)
4(700 1692 1693 701)
4(678 702 1694 1670)
4(701 1693 1694 702)
4(679 703 1695 1671)
4(702 1694 1695 703)
4(680 704 1696 1672)
4(703 1695 1696 704)
4(681 705 1697 1673)
4(704 1696 1697 705)
4(682 706 1698 1674)
4(705 1697 1698 706)
4(683 707 1699 1675)
4(706 1698 1699 707)
4(684 708 1700 1676)
4(707 1699 1700 708)
4(685 709 1701 1677)
4(708 1700 1701 709)
4(686 710 1702 1678)
4(709 1701 1702 710)
4(687 711 1703 1679)
4(710 1702 1703 711)
4(688 712 1704 1680)
4(711 1703 1704 712)
4(689 713 1705 1681)
4(712 1704 1705 713)
4(690 714 1706 1682)
4(713 1705 1706 714)
4(691 715 1707 1683)
4(714 1706 1707 715)
4(692 716 1708 1684)
4(715 1707 1708 716)
4(693 717 1709 1685)
4(716 1708 1709 717)
4(694 718 1710 1686)
4(717 1709 1710 718)
4(718 1710 1711 719)
4(697 721 1713 1689)
4(720 1712 1713 721)
4(698 722 1714 1690)
4(721 1713 1714 722)
4(699 723 1715 1691)
4(722 1714 1715 723)
4(700 724 1716 1692)
4(723 1715 1716 724)
4(701 725 1717 1693)
4(724 1716 1717 725)
4(702 726 1718 1694)
4(725 1717 1718 726)
4(703 727 1719 1695)
4(726 1718 1719 727)
4(704 728 1720 1696)
4(727 1719 1720 728)
4(705 729 1721 1697)
4(728 1720 1721 729)
4(706 730 1722 1698)
4(729 1721 1722 730)
4(707 731 1723 1699)
4(730 1722 1723 731)
4(708 732 1724 1700)
4(731 1723 1724 732)
4(709 733 1725 1701)
4(732 1724 1725 733)
4(710 734 1726 1702)
4(733 1725 1726 734)
4(711 735 1727 1703)
4(734 1726 1727 735)
4(712 736 1728 1704)
4(735 1727 1728 736)
4(713 737 1729 1705)
4(736 1728 1729 737)
4(714 738 1730 1706)
4(737 1729 1730 738)
4(715 739 1731 1707)
4(738 1730 1731 739)
4(716 740 1732 1708)
4(739 1731 1732 740)
4(717 741 1733 1709)
4(740 1732 1733 741)
4(718 742 1734 1710)
4(741 1733 1734 742)
4(742 1734 1735 743)
4(721 745 1737 1713)
4(744 1736 1737 745)
4(722 746 1738 1714)
4(745 1737 1738 746)
4(723 747 1739 1715)
4(746 1738 1739 747)
4(724 748 1740 1716)
4(747 1739 1740 748)
4(725 749 1741 1717)
4(748 1740 1741 749)
4(726 750 1742 1718)
4(749 1741 1742 750)
4(727 751 1743 1719)
4(750 1742 1743 751)
4(728 752 1744 1720)
4(751 1743 1744 752)
4(729 753 1745 1721)
4(752 1744 1745 753)
4(730 754 1746 1722)
4(753 1745 1746 754)
4(731 755 1747 1723)
4(754 1746 1747 755)
4(732 756 1748 1724)
4(755 1747 1748 756)
4(733 757 1749 1725)
4(756 1748 1749 757)
4(734 758 1750 1726)
4(757 1749 1750 758)
4(735 759 1751 1727)
4(758 1750 1751 759)
4(736 760 1752 1728)
4(759 1751 1752 760)
4(737 761 1753 1729)
4(760 1752 1753 761)
4(738 762 1754 1730)
4(761 1753 1754 762)
4(739 763 1755 1731)
4(762 1754 1755 763)
4(740 764 1756 1732)
4(763 1755 1756 764)
4(741 765 1757 1733)
4(764 1756 1757 765)
4(742 766 1758 1734)
4(765 1757 1758 766)
4(766 1758 1759 767)
4(745 769 1761 1737)
4(768 1760 1761 769)
4(746 770 1762 1738)
4(769 1761 1762 770)
4(747 771 1763 1739)
4(770 1762 1763 771)
4(748 772 1764 1740)
4(771 1763 1764 772)
4(749 773 1765 1741)
4(772 1764 1765 773)
4(750 774 1766 1742)
4(773 1765 1766 774)
4(751 775 1767 1743)
4(774 1766 1767 775)
4(752 776 1768 1744)
4(775 1767 1768 776)
4(753 777 1769 1745)
4(776 1768 1769 777)
4(754 778 1770 1746)
4(777 1769 1770 778)
4(755 779 1771 1747)
4(778 1770 1771 779)
4(756 780 1772 1748)
4(779 1771 1772 780)
4(757 781 1773 1749)
4(780 1772 1773 781)
4(758 782 1774 1750)
4(781 1773 1774 782)
4(759 783 1775 1751)
4(782 1774 1775 783)
4(760 784 1776 1752)
4(783 1775 1776 784)
4(761 785 1777 1753)
4(784 1776 1777 785)
4(762 786 1778 1754)
4(785 1777 1778 786)
4(763 787 1779 1755)
4(786 1778 1779 787)
4(764 788 1780 1756)
4(787 1779 1780 788)
4(765 789 1781 1757)
4(788 1780 1781 789)
4(766 790 1782 1758)
4(789 1781 1782 790)
4(790 1782 1783 791)
4(769 793 1785 1761)
4(792 1784 1785 793)
4(770 794 1786 1762)
4(793 1785 1786 794)
4(771 795 1787 1763)
4(794 1786 1787 795)
4(772 796 1788 1764)
4(795 1787 1788 796)
4(773 797 1789 1765)
4(796 1788 1789 797)
4(774 798 1790 1766)
4(797 1789 1790 798)
4(775 799 1791 1767)
4(798 1790 1791 799)
4(776 800 1792 1768)
4(799 1791 1792 800)
4(777 801 1793 1769)
4(800 1792 1793 801)
4(778 802 1794 1770)
4(801 1793 1794 802)
4(779 803 1795 1771)
4(802 1794 1795 803)
4(780 804 1796 1772)
4(803 1795 1796 804)
4(781 805 1797 1773)
4(804 1796 1797 805)
4(782 806 1798 1774)
4(805 1797 1798 806)
4(783 807 1799 1775)
4(806 1798 1799 807)
4(784 808 1800 1776)
4(807 1799 1800 808)
4(785 809 1801 1777)
4(808 1800 1801 809)
4(786 810 1802 1778)
4(809 1801 1802 810)
4(787 811 1803 1779)
4(810 1802 1803 811)
4(788 812 1804 1780)
4(811 1803 1804 812)
4(789 813 1805 1781)
4(812 1804 1805 813)
4(790 814 1806 1782)
4(813 1805 1806 814)
4(814 1806 1807 815)
4(793 817 1809 1785)
4(816 1808 1809 817)
4(794 818 1810 1786)
4(817 1809 1810 818)
4(795 819 1811 1787)
4(818 1810 1811 819)
4(796 820 1812 1788)
4(819 1811 1812 820)
4(797 821 1813 1789)
4(820 1812 1813 821)
4(798 822 1814 1790)
4(821 1813 1814 822)
4(799 823 1815 1791)
4(822 1814 1815 823)
4(800 824 1816 1792)
4(823 1815 1816 824)
4(801 825 1817 1793)
4(824 1816 1817 825)
4(802 826 1818 1794)
4(825 1817 1818 826)
4(803 827 1819 1795)
4(826 1818 1819 827)
4(804 828 1820 1796)
4(827 1819 1820 828)
4(805 829 1821 1797)
4(828 1820 1821 829)
4(806 830 1822 1798)
4(829 1821 1822 830)
4(807 831 1823 1799)
4(830 1822 1823 831)
4(808 832 1824 1800)
4(831 1823 1824 832)
4(809 833 1825 1801)
4(832 1824 1825 833)
4(810 834 1826 1802)
4(833 1825 1826 834)
4(811 835 1827 1803)
4(834 1826 1827 835)
4(812 836 1828 1804)
4(835 1827 1828 836)
4(813 837 1829 1805)
4(836 1828 1829 837)
4(814 838 1830 1806)
4(837 1829 1830 838)
4(838 1830 1831 839)
4(817 841 1833 1809)
4(840 1832 1833 841)
4(818 842 1834 1810)
4(841 1833 1834 842)
4(819 843 1835 1811)
4(842 1834 1835 843)
4(820 844 1836 1812)
4(843 1835 1836 844)
4(821 845 1837 1813)
4(844 1836 1837 845)
4(822 846 1838 1814)
4(845 1837 1838 846)
4(823 847 1839 1815)
4(846 1838 1839 847)
4(824 848 1840 1816)
4(847 1839 1840 848)
4(825 849 1841 1817)
4(848 1840 1841 849)
4(826 850 1842 1818)
4(849 1841 1842 850)
4(827 851 1843 1819)
4(850 1842 1843 851)
4(828 852 1844 1820)
4(851 1843 1844 852)
4(829 853 1845 1821)
4(852 1844 1845 853)
4(830 854 1846 1822)
4(853 1845 1846 854)
4(831 855 1847 1823)
4(854 1846 1847 855)
4(832 856 1848 1824)
4(855 1847 1848 856)
4(833 857 1849 1825)
4(856 1848 1849 857)
4(834 858 1850 1826)
4(857 1849 1850 858)
4(835 859 1851 1827)
4(858 1850 1851 859)
4(836 860 1852 1828)
4(859 1851 1852 860)
4(837 861 1853 1829)
4(860 1852 1853 861)
4(838 862 1854 1830)
4(861 1853 1854 862)
4(862 1854 1855 863)
4(841 865 1857 1833)
4(864 1856 1857 865)
4(842 866 1858 1834)
4(865 1857 1858 866)
4(843 867 1859 1835)
4(866 1858 1859 867)
4(844 868 1860 1836)
4(867 1859 1860 868)
4(845 869 1861 1837)
4(868 1860 1861 869)
4(846 870 1862 1838)
4(869 1861 1862 870)
4(847 871 1863 1839)
4(870 1862 1863 871)
4(848 872 1864 1840)
4(871 1863 1864 872)
4(849 873 1865 1841)
4(872 1864 1865 873)
4(850 874 1866 1842)
4(873 1865 1866 874)
4(851 875 1867 1843)
4(874 1866 1867 875)
4(852 876 1868 1844)
4(875 1867 1868 876)
4(853 877 1869 1845)
4(876 1868 1869 877)
4(854 878 1870 1846)
4(877 1869 1870 878)
4(855 879 1871 1847)
4(878 1870 1871 879)
4(856 880 1872 1848)
4(879 1871 1872 880)
4(857 881 1873 1849)
4(880 1872 1873 881)
4(858 882 1874 1850)
4(881 1873 1874 882)
4(859 883 1875 1851)
4(882 1874 1875 883)
4(860 884 1876 1852)
4(883 1875 1876 884)
4(861 885 1877 1853)
4(884 1876 1877 885)
4(862 886 1878 1854)
4(885 1877 1878 886)
4(886 1878 1879 887)
4(865 889 1881 1857)
4(888 1880 1881 889)
4(866 890 1882 1858)
4(889 1881 1882 890)
4(867 891 1883 1859)
4(890 1882 1883 891)
4(868 892 1884 1860)
4(891 1883 1884 892)
4(869 893 1885 1861)
4(892 1884 1885 893)
4(870 894 1886 1862)
4(893 1885 1886 894)
4(871 895 1887 1863)
4(894 1886 1887 895)
4(872 896 1888 1864)
4(895 1887 1888 896)
4(873 897 1889 1865)
4(896 1888 1889 897)
4(874 898 1890 1866)
4(897 1889 1890 898)
4(875 899 1891 1867)
4(898 1890 1891 899)
4(876 900 1892 1868)
4(899 1891 1892 900)
4(877 901 1893 1869)
4(900 1892 1893 901)
4(878 902 1894 1870)
4(901 1893 1894 902)
4(879 903 1895 1871)
4(902 1894 1895 903)
4(880 904 1896 1872)
4(903 1895 1896 904)
4(881 905 1897 1873)
4(904 1896 1897 905)
4(882 906 1898 1874)
4(905 1897 1898 906)
4(883 907 1899 1875)
4(906 1898 1899 907)
4(884 908 1900 1876)
4(907 1899 1900 908)
4(885 909 1901 1877)
4(908 1900 1901 909)
4(886 910 1902 1878)
4(909 1901 1902 910)
4(910 1902 1903 911)
4(889 913 1905 1881)
4(912 1904 1905 913)
4(890 914 1906 1882)
4(913 1905 1906 914)
4(891 915 1907 1883)
4(914 1906 1907 915)
4(892 916 1908 1884)
4(915 1907 1908 916)
4(893 917 1909 1885)
4(916 1908 1909 917)
4(894 918 1910 1886)
4(917 1909 1910 918)
4(895 919 1911 1887)
4(918 1910 1911 919)
4(896 920 1912 1888)
4(919 1911 1912 920)
4(897 921 1913 1889)
4(920 1912 1913 921)
4(898 922 1914 1890)
4(921 1913 1914 922)
4(899 923 1915 1891)
4(922 1914 1915 923)
4(900 924 1916 1892)
4(923 1915 1916 924)
4(901 925 1917 1893)
4(924 1916 1917 925)
4(902 926 1918 1894)
4(925 1917 1918 926)
4(903 927 1919 1895)
4(926 1918 1919 927)
4(904 928 1920 1896)
4(927 1919 1920 928)
4(905 929 1921 1897)
4(928 1920 1921 929)
4(906 930 1922 1898)
4(929 1921 1922 930)
4(907 931 1923 1899)
4(930 1922 1923 931)
4(908 932 1924 1900)
4(931 1923 1924 932)
4(909 933 1925 1901)
4(932 1924 1925 933)
4(910 934 1926 1902)
4(933 1925 1926 934)
4(934 1926 1927 935)
4(913 937 1929 1905)
4(936 1928 1929 937)
4(914 938 1930 1906)
4(937 1929 1930 938)
4(915 939 1931 1907)
4(938 1930 1931 939)
4(916 940 1932 1908)
4(939 1931 1932 940)
4(917 941 1933 1909)
4(940 1932 1933 941)
4(918 942 1934 1910)
4(941 1933 1934 942)
4(919 943 1935 1911)
4(942 1934 1935 943)
4(920 944 1936 1912)
4(943 1935 1936 944)
4(921 945 1937 1913)
4(944 1936 1937 945)
4(922 946 1938 1914)
4(945 1937 1938 946)
4(923 947 1939 1915)
4(946 1938 1939 947)
4(924 948 1940 1916)
4(947 1939 1940 948)
4(925 949 1941 1917)
4(948 1940 1941 949)
4(926 950 1942 1918)
4(949 1941 1942 950)
4(927 951 1943 1919)
4(950 1942 1943 951)
4(928 952 1944 1920)
4(951 1943 1944 952)
4(929 953 1945 1921)
4(952 1944 1945 953)
4(930 954 1946 1922)
4(953 1945 1946 954)
4(931 955 1947 1923)
4(954 1946 1947 955)
4(932 956 1948 1924)
4(955 1947 1948 956)
4(933 957 1949 1925)
4(956 1948 1949 957)
4(934 958 1950 1926)
4(957 1949 1950 958)
4(958 1950 1951 959)
4(937 961 1953 1929)
4(960 1952 1953 961)
4(938 962 1954 1930)
4(961 1953 1954 962)
4(939 963 1955 1931)
4(962 1954 1955 963)
4(940 964 1956 1932)
4(963 1955 1956 964)
4(941 965 1957 1933)
4(964 1956 1957 965)
4(942 966 1958 1934)
4(965 1957 1958 966)
4(943 967 1959 1935)
4(966 1958 1959 967)
4(944 968 1960 1936)
4(967 1959 1960 968)
4(945 969 1961 1937)
4(968 1960 1961 969)
4(946 970 1962 1938)
4(969 1961 1962 970)
4(947 971 1963 1939)
4(970 1962 1963 971)
4(948 972 1964 1940)
4(971 1963 1964 972)
4(949 973 1965 1941)
4(972 1964 1965 973)
4(950 974 1966 1942)
4(973 1965 1966 974)
4(951 975 1967 1943)
4(974 1966 1967 975)
4(952 976 1968 1944)
4(975 1967 1968 976)
4(953 977 1969 1945)
4(976 1968 1969 977)
4(954 978 1970 1946)
4(977 1969 1970 978)
4(955 979 1971 1947)
4(978 1970 1971 979)
4(956 980 1972 1948)
4(979 1971 1972 980)
4(957 981 1973 1949)
4(980 1972 1973 981)
4(958 982 1974 1950)
4(981 1973 1974 982)
4(982 1974 1975 983)
4(961 985 1977 1953)
4(984 1976 1977 985)
4(962 986 1978 1954)
4(985 1977 1978 986)
4(963 987 1979 1955)
4(986 1978 1979 987)
4(964 988 1980 1956)
4(987 1979 1980 988)
4(965 989 1981 1957)
4(988 1980 1981 989)
4(966 990 1982 1958)
4(989 1981 1982 990)
4(967 991 1983 1959)
4(990 1982 1983 991)
4(968 992 1984 1960)
4(991 1983 1984 992)
4(969 993 1985 1961)
4(992 1984 1985 993)
4(970 994 1986 1962)
4(993 1985 1986 994)
4(971 995 1987 1963)
4(994 1986 1987 995)
4(972 996 1988 1964)
4(995 1987 1988 996)
4(973 997 1989 1965)
4(996 1988 1989 997)
4(974 998 1990 1966)
4(997 1989 1990 998)
4(975 999 1991 1967)
4(998 1990 1991 999)
4(976 1000 1992 1968)
4(999 1991 1992 1000)
4(977 1001 1993 1969)
4(1000 1992 1993 1001)
4(978 1002 1994 1970)
4(1001 1993 1994 1002)
4(979 1003 1995 1971)
4(1002 1994 1995 1003)
4(980 1004 1996 1972)
4(1003 1995 1996 1004)
4(981 1005 1997 1973)
4(1004 1996 1997 1005)
4(982 1006 1998 1974)
4(1005 1997 1998 1006)
4(1006 1998 1999 1007)
4(985 1009 2001 1977)
4(1008 2000 2001 1009)
4(986 1010 2002 1978)
4(1009 2001 2002 1010)
4(987 1011 2003 1979)
4(1010 2002 2003 1011)
4(988 1012 2004 1980)
4(1011 2003 2004 1012)
4(989 1013 2005 1981)
4(1012 2004 2005 1013)
4(990 1014 2006 1982)
4(1013 2005 2006 1014)
4(991 1015 2007 1983)
4(1014 2006 2007 1015)
4(992 1016 2008 1984)
4(1015 2007 2008 1016)
4(993 1017 2009 1985)
4(1016 2008 2009 1017)
4(994 1018 2010 1986)
4(1017 2009 2010 1018)
4(995 1019 2011 1987)
4(1018 2010 2011 1019)
4(996 1020 2012 1988)
4(1019 2011 2012 1020)
4(997 1021 2013 1989)
4(1020 2012 2013 1021)
4(998 1022 2014 1990)
4(1021 2013 2014 1022)
4(999 1023 2015 1991)
4(1022 2014 2015 1023)
4(1000 1024 2016 1992)
4(1023 2015 2016 1024)
4(1001 1025 2017 1993)
4(1024 2016 2017 1025)
4(1002 1026 2018 1994)
4(1025 2017 2018 1026)
4(1003 1027 2019 1995)
4(1026 2018 2019 1027)
4(1004 1028 2020 1996)
4(1027 2019 2020 1028)
4(1005 1029 2021 1997)
4(1028 2020 2021 1029)
4(1006 1030 2022 1998)
4(1029 2021 2022 1030)
4(1030 2022 2023 1031)
4(1009 1033 2025 2001)
4(1032 2024 2025 1033)
4(1010 1034 2026 2002)
4(1033 2025 2026 1034)
4(1011 1035 2027 2003)
4(1034 2026 2027 1035)
4(1012 1036 2028 2004)
4(1035 2027 2028 1036)
4(1013 1037 2029 2005)
4(1036 2028 2029 1037)
4(1014 1038 2030 2006)
4(1037 2029 2030 1038)
4(1015 1039 2031 2007)
4(1038 2030 2031 1039)
4(1016 1040 2032 2008)
4(1039 2031 2032 1040)
4(1017 1041 2033 2009)
4(1040 2032 2033 1041)
4(1018 1042 2034 2010)
4(1041 2033 2034 1042)
4(1019 1043 2035 2011)
4(1042 2034 2035 1043)
4(1020 1044 2036 2012)
4(1043 2035 2036 1044)
4(1021 1045 2037 2013)
4(1044 2036 2037 1045)
4(1022 1046 2038 2014)
4(1045 2037 2038 1046)
4(1023 1047 2039 2015)
4(1046 2038 2039 1047)
4(1024 1048 2040 2016)
4(1047 2039 2040 1048)
4(1025 1049 2041 2017)
4(1048 2040 2041 1049)
4(1026 1050 2042 2018)
4(1049 2041 2042 1050)
4(1027 1051 2043 2019)
4(1050 2042 2043 1051)
4(1028 1052 2044 2020)
4(1051 2043 2044 1052)
4(1029 1053 2045 2021)
4(1052 2044 2045 1053)
4(1030 1054 2046 2022)
4(1053 2045 2046 1054)
4(1033 1057 2049 2025)
4(1056 2048 2049 1057)
4(1034 1058 2050 2026)
4(1057 2049 2050 1058)
4(1035 1059 2051 2027)
4(1058 2050 2051 1059)
4(1036 1060 2052 2028)
4(1059 2051 2052 1060)
4(1037 1061 2053 2029)
4(1060 2052 2053 1061)
4(1038 1062 2054 2030)
4(1061 2053 2054 1062)
4(1039 1063 2055 2031)
4(1062 2054 2055 1063)
4(1040 1064 2056 2032)
4(1063 2055 2056 1064)
4(1041 1065 2057 2033)
4(1064 2056 2057 1065)
4(1042 1066 2058 2034)
4(1065 2057 2058 1066)
4(1043 1067 2059 2035)
4(1066 2058 2059 1067)
4(1044 1068 2060 2036)
4(1067 2059 2060 1068)
4(1045 1069 2061 2037)
4(1068 2060 2061 1069)
4(1046 1070 2062 2038)
4(1069 2061 2062 1070)
4(1047 1071 2063 2039)
4(1070 2062 2063 1071)
4(1048 1072 2064 2040)
4(1071 2063 2064 1072)
4(1049 1073 2065 2041)
4(1072 2064 2065 1073)
4(1050 1074 2066 2042)
4(1073 2065 2066 1074)
4(1051 1075 2067 2043)
4(1074 2066 2067 1075)
4(1052 1076 2068 2044)
4(1075 2067 2068 1076)
4(1053 1077 2069 2045)
4(1076 2068 2069 1077)
4(1077 2069 2070 1078)
4(1057 1080 2072 2049)
4(1079 2071 2072 1080)
4(1058 1081 2073 2050)
4(1080 2072 2073 1081)
4(1059 1082 2074 2051)
4(1081 2073 2074 1082)
4(1060 1083 2075 2052)
4(1082 2074 2075 1083)
4(1061 1084 2076 2053)
4(1083 2075 2076 1084)
4(1062 1085 2077 2054)
4(1084 2076 2077 1085)
4(1063 1086 2078 2055)
4(1085 2077 2078 1086)
4(1064 1087 2079 2056)
4(1086 2078 2079 1087)
4(1065 1088 2080 2057)
4(1087 2079 2080 1088)
4(1066 1089 2081 2058)
4(1088 2080 2081 1089)
4(1067 1090 2082 2059)
4(1089 2081 2082 1090)
4(1068 1091 2083 2060)
4(1090 2082 2083 1091)
4(1069 1092 2084 2061)
4(1091 2083 2084 1092)
4(1070 1093 2085 2062)
4(1092 2084 2085 1093)
4(1071 1094 2086 2063)
4(1093 2085 2086 1094)
4(1072 1095 2087 2064)
4(1094 2086 2087 1095)
4(1073 1096 2088 2065)
4(1095 2087 2088 1096)
4(1074 1097 2089 2066)
4(1096 2088 2089 1097)
4(1075 1098 2090 2067)
4(1097 2089 2090 1098)
4(1076 1099 2091 2068)
4(1098 2090 2091 1099)
4(1077 1100 2092 2069)
4(1099 2091 2092 1100)
4(1100 2092 2093 1101)
4(1080 1103 2095 2072)
4(1102 2094 2095 1103)
4(1081 1104 2096 2073)
4(1103 2095 2096 1104)
4(1082 1105 2097 2074)
4(1104 2096 2097 1105)
4(1083 1106 2098 2075)
4(1105 2097 2098 1106)
4(1084 1107 2099 2076)
4(1106 2098 2099 1107)
4(1085 1108 2100 2077)
4(1107 2099 2100 1108)
4(1086 1109 2101 2078)
4(1108 2100 2101 1109)
4(1087 1110 2102 2079)
4(1109 2101 2102 1110)
4(1088 1111 2103 2080)
4(1110 2102 2103 1111)
4(1089 1112 2104 2081)
4(1111 2103 2104 1112)
4(1090 1113 2105 2082)
4(1112 2104 2105 1113)
4(1091 1114 2106 2083)
4(1113 2105 2106 1114)
4(1092 1115 2107 2084)
4(1114 2106 2107 1115)
4(1093 1116 2108 2085)
4(1115 2107 2108 1116)
4(1094 1117 2109 2086)
4(1116 2108 2109 1117)
4(1095 1118 2110 2087)
4(1117 2109 2110 1118)
4(1096 1119 2111 2088)
4(1118 2110 2111 1119)
4(1097 1120 2112 2089)
4(1119 2111 2112 1120)
4(1098 1121 2113 2090)
4(1120 2112 2113 1121)
4(1099 1122 2114 2091)
4(1121 2113 2114 1122)
4(1100 1123 2115 2092)
4(1122 2114 2115 1123)
4(1123 2115 2116 1124)
4(1103 1126 2118 2095)
4(1125 2117 2118 1126)
4(1104 1127 2119 2096)
4(1126 2118 2119 1127)
4(1105 1128 2120 2097)
4(1127 2119 2120 1128)
4(1106 1129 2121 2098)
4(1128 2120 2121 1129)
4(1107 1130 2122 2099)
4(1129 2121 2122 1130)
4(1108 1131 2123 2100)
4(1130 2122 2123 1131)
4(1109 1132 2124 2101)
4(1131 2123 2124 1132)
4(1110 1133 2125 2102)
4(1132 2124 2125 1133)
4(1111 1134 2126 2103)
4(1133 2125 2126 1134)
4(1112 1135 2127 2104)
4(1134 2126 2127 1135)
4(1113 1136 2128 2105)
4(1135 2127 2128 1136)
4(1114 1137 2129 2106)
4(1136 2128 2129 1137)
4(1115 1138 2130 2107)
4(1137 2129 2130 1138)
4(1116 1139 2131 2108)
4(1138 2130 2131 1139)
4(1117 1140 2132 2109)
4(1139 2131 2132 1140)
4(1118 1141 2133 2110)
4(1140 2132 2133 1141)
4(1119 1142 2134 2111)
4(1141 2133 2134 1142)
4(1120 1143 2135 2112)
4(1142 2134 2135 1143)
4(1121 1144 2136 2113)
4(1143 2135 2136 1144)
4(1122 1145 2137 2114)
4(1144 2136 2137 1145)
4(1123 1146 2138 2115)
4(1145 2137 2138 1146)
4(1146 2138 2139 1147)
4(1126 1149 2141 2118)
4(1148 2140 2141 1149)
4(1127 1150 2142 2119)
4(1149 2141 2142 1150)
4(1128 1151 2143 2120)
4(1150 2142 2143 1151)
4(1129 1152 2144 2121)
4(1151 2143 2144 1152)
4(1130 1153 2145 2122)
4(1152 2144 2145 1153)
4(1131 1154 2146 2123)
4(1153 2145 2146 1154)
4(1132 1155 2147 2124)
4(1154 2146 2147 1155)
4(1133 1156 2148 2125)
4(1155 2147 2148 1156)
4(1134 1157 2149 2126)
4(1156 2148 2149 1157)
4(1135 1158 2150 2127)
4(1157 2149 2150 1158)
4(1136 1159 2151 2128)
4(1158 2150 2151 1159)
4(1137 1160 2152 2129)
4(1159 2151 2152 1160)
4(1138 1161 2153 2130)
4(1160 2152 2153 1161)
4(1139 1162 2154 2131)
4(1161 2153 2154 1162)
4(1140 1163 2155 2132)
4(1162 2154 2155 1163)
4(1141 1164 2156 2133)
4(1163 2155 2156 1164)
4(1142 1165 2157 2134)
4(1164 2156 2157 1165)
4(1143 1166 2158 2135)
4(1165 2157 2158 1166)
4(1144 1167 2159 2136)
4(1166 2158 2159 1167)
4(1145 1168 2160 2137)
4(1167 2159 2160 1168)
4(1146 1169 2161 2138)
4(1168 2160 2161 1169)
4(1169 2161 2162 1170)
4(1149 1172 2164 2141)
4(1171 2163 2164 1172)
4(1150 1173 2165 2142)
4(1172 2164 2165 1173)
4(1151 1174 2166 2143)
4(1173 2165 2166 1174)
4(1152 1175 2167 2144)
4(1174 2166 2167 1175)
4(1153 1176 2168 2145)
4(1175 2167 2168 1176)
4(1154 1177 2169 2146)
4(1176 2168 2169 1177)
4(1155 1178 2170 2147)
4(1177 2169 2170 1178)
4(1156 1179 2171 2148)
4(1178 2170 2171 1179)
4(1157 1180 2172 2149)
4(1179 2171 2172 1180)
4(1158 1181 2173 2150)
4(1180 2172 2173 1181)
4(1159 1182 2174 2151)
4(1181 2173 2174 1182)
4(1160 1183 2175 2152)
4(1182 2174 2175 1183)
4(1161 1184 2176 2153)
4(1183 2175 2176 1184)
4(1162 1185 2177 2154)
4(1184 2176 2177 1185)
4(1163 1186 2178 2155)
4(1185 2177 2178 1186)
4(1164 1187 2179 2156)
4(1186 2178 2179 1187)
4(1165 1188 2180 2157)
4(1187 2179 2180 1188)
4(1166 1189 2181 2158)
4(1188 2180 2181 1189)
4(1167 1190 2182 2159)
4(1189 2181 2182 1190)
4(1168 1191 2183 2160)
4(1190 2182 2183 1191)
4(1169 1192 2184 2161)
4(1191 2183 2184 1192)
4(1192 2184 2185 1193)
4(1172 1195 2187 2164)
4(1194 2186 2187 1195)
4(1173 1196 2188 2165)
4(1195 2187 2188 1196)
4(1174 1197 2189 2166)
4(1196 2188 2189 1197)
4(1175 1198 2190 2167)
4(1197 2189 2190 1198)
4(1176 1199 2191 2168)
4(1198 2190 2191 1199)
4(1177 1200 2192 2169)
4(1199 2191 2192 1200)
4(1178 1201 2193 2170)
4(1200 2192 2193 1201)
4(1179 1202 2194 2171)
4(1201 2193 2194 1202)
4(1180 1203 2195 2172)
4(1202 2194 2195 1203)
4(1181 1204 2196 2173)
4(1203 2195 2196 1204)
4(1182 1205 2197 2174)
4(1204 2196 2197 1205)
4(1183 1206 2198 2175)
4(1205 2197 2198 1206)
4(1184 1207 2199 2176)
4(1206 2198 2199 1207)
4(1185 1208 2200 2177)
4(1207 2199 2200 1208)
4(1186 1209 2201 2178)
4(1208 2200 2201 1209)
4(1187 1210 2202 2179)
4(1209 2201 2202 1210)
4(1188 1211 2203 2180)
4(1210 2202 2203 1211)
4(1189 1212 2204 2181)
4(1211 2203 2204 1212)
4(1190 1213 2205 2182)
4(1212 2204 2205 1213)
4(1191 1214 2206 2183)
4(1213 2205 2206 1214)
4(1192 1215 2207 2184)
4(1214 2206 2207 1215)
4(1215 2207 2208 1216)
4(1195 1218 2210 2187)
4(1217 2209 2210 1218)
4(1196 1219 2211 2188)
4(1218 2210 2211 1219)
4(1197 1220 2212 2189)
4(1219 2211 2212 1220)
4(1198 1221 2213 2190)
4(1220 2212 2213 1221)
4(1199 1222 2214 2191)
4(1221 2213 2214 1222)
4(1200 1223 2215 2192)
4(1222 2214 2215 1223)
4(1201 1224 2216 2193)
4(1223 2215 2216 1224)
4(1202 1225 2217 2194)
4(1224 2216 2217 1225)
4(1203 1226 2218 2195)
4(1225 2217 2218 1226)
4(1204 1227 2219 2196)
4(1226 2218 2219 1227)
4(1205 1228 2220 2197)
4(1227 2219 2220 1228)
4(1206 1229 2221 2198)
4(1228 2220 2221 1229)
4(1207 1230 2222 2199)
4(1229 2221 2222 1230)
4(1208 1231 2223 2200)
4(1230 2222 2223 1231)
4(1209 1232 2224 2201)
4(1231 2223 2224 1232)
4(1210 1233 2225 2202)
4(1232 2224 2225 1233)
4(1211 1234 2226 2203)
4(1233 2225 2226 1234)
4(1212 1235 2227 2204)
4(1234 2226 2227 1235)
4(1213 1236 2228 2205)
4(1235 2227 2228 1236)
4(1214 1237 2229 2206)
4(1236 2228 2229 1237)
4(1215 1238 2230 2207)
4(1237 2229 2230 1238)
4(1238 2230 2231 1239)
4(1218 1241 2233 2210)
4(1240 2232 2233 1241)
4(1219 1242 2234 2211)
4(1241 2233 2234 1242)
4(1220 1243 2235 2212)
4(1242 2234 2235 1243)
4(1221 1244 2236 2213)
4(1243 2235 2236 1244)
4(1222 1245 2237 2214)
4(1244 2236 2237 1245)
4(1223 1246 2238 2215)
4(1245 2237 2238 1246)
4(1224 1247 2239 2216)
4(1246 2238 2239 1247)
4(1225 1248 2240 2217)
4(1247 2239 2240 1248)
4(1226 1249 2241 2218)
4(1248 2240 2241 1249)
4(1227 1250 2242 2219)
4(1249 2241 2242 1250)
4(1228 1251 2243 2220)
4(1250 2242 2243 1251)
4(1229 1252 2244 2221)
4(1251 2243 2244 1252)
4(1230 1253 2245 2222)
4(1252 2244 2245 1253)
4(1231 1254 2246 2223)
4(1253 2245 2246 1254)
4(1232 1255 2247 2224)
4(1254 2246 2247 1255)
4(1233 1256 2248 2225)
4(1255 2247 2248 1256)
4(1234 1257 2249 2226)
4(1256 2248 2249 1257)
4(1235 1258 2250 2227)
4(1257 2249 2250 1258)
4(1236 1259 2251 2228)
4(1258 2250 2251 1259)
4(1237 1260 2252 2229)
4(1259 2251 2252 1260)
4(1238 1261 2253 2230)
4(1260 2252 2253 1261)
4(1261 2253 2254 1262)
4(1241 1264 2256 2233)
4(1263 2255 2256 1264)
4(1242 1265 2257 2234)
4(1264 2256 2257 1265)
4(1243 1266 2258 2235)
4(1265 2257 2258 1266)
4(1244 1267 2259 2236)
4(1266 2258 2259 1267)
4(1245 1268 2260 2237)
4(1267 2259 2260 1268)
4(1246 1269 2261 2238)
4(1268 2260 2261 1269)
4(1247 1270 2262 2239)
4(1269 2261 2262 1270)
4(1248 1271 2263 2240)
4(1270 2262 2263 1271)
4(1249 1272 2264 2241)
4(1271 2263 2264 1272)
4(1250 1273 2265 2242)
4(1272 2264 2265 1273)
4(1251 1274 2266 2243)
4(1273 2265 2266 1274)
4(1252 1275 2267 2244)
4(1274 2266 2267 1275)
4(1253 1276 2268 2245)
4(1275 2267 2268 1276)
4(1254 1277 2269 2246)
4(1276 2268 2269 1277)
4(1255 1278 2270 2247)
4(1277 2269 2270 1278)
4(1256 1279 2271 2248)
4(1278 2270 2271 1279)
4(1257 1280 2272 2249)
4(1279 2271 2272 1280)
4(1258 1281 2273 2250)
4(1280 2272 2273 1281)
4(1259 1282 2274 2251)
4(1281 2273 2274 1282)
4(1260 1283 2275 2252)
4(1282 2274 2275 1283)
4(1261 1284 2276 2253)
4(1283 2275 2276 1284)
4(1284 2276 2277 1285)
4(1264 1287 2279 2256)
4(1286 2278 2279 1287)
4(1265 1288 2280 2257)
4(1287 2279 2280 1288)
4(1266 1289 2281 2258)
4(1288 2280 2281 1289)
4(1267 1290 2282 2259)
4(1289 2281 2282 1290)
4(1268 1291 2283 2260)
4(1290 2282 2283 1291)
4(1269 1292 2284 2261)
4(1291 2283 2284 1292)
4(1270 1293 2285 2262)
4(1292 2284 2285 1293)
4(1271 1294 2286 2263)
4(1293 2285 2286 1294)
4(1272 1295 2287 2264)
4(1294 2286 2287 1295)
4(1273 1296 2288 2265)
4(1295 2287 2288 1296)
4(1274 1297 2289 2266)
4(1296 2288 2289 1297)
4(1275 1298 2290 2267)
4(1297 2289 2290 1298)
4(1276 1299 2291 2268)
4(1298 2290 2291 1299)
4(1277 1300 2292 2269)
4(1299 2291 2292 1300)
4(1278 1301 2293 2270)
4(1300 2292 2293 1301)
4(1279 1302 2294 2271)
4(1301 2293 2294 1302)
4(1280 1303 2295 2272)
4(1302 2294 2295 1303)
4(1281 1304 2296 2273)
4(1303 2295 2296 1304)
4(1282 1305 2297 2274)
4(1304 2296 2297 1305)
4(1283 1306 2298 2275)
4(1305 2297 2298 1306)
4(1284 1307 2299 2276)
4(1306 2298 2299 1307)
4(1307 2299 2300 1308)
4(1287 1310 2302 2279)
4(1309 2301 2302 1310)
4(1288 1311 2303 2280)
4(1310 2302 2303 1311)
4(1289 1312 2304 2281)
4(1311 2303 2304 1312)
4(1290 1313 2305 2282)
4(1312 2304 2305 1313)
4(1291 1314 2306 2283)
4(1313 2305 2306 1314)
4(1292 1315 2307 2284)
4(1314 2306 2307 1315)
4(1293 1316 2308 2285)
4(1315 2307 2308 1316)
4(1294 1317 2309 2286)
4(1316 2308 2309 1317)
4(1295 1318 2310 2287)
4(1317 2309 2310 1318)
4(1296 1319 2311 2288)
4(1318 2310 2311 1319)
4(1297 1320 2312 2289)
4(1319 2311 2312 1320)
4(1298 1321 2313 2290)
4(1320 2312 2313 1321)
4(1299 1322 2314 2291)
4(1321 2313 2314 1322)
4(1300 1323 2315 2292)
4(1322 2314 2315 1323)
4(1301 1324 2316 2293)
4(1323 2315 2316 1324)
4(1302 1325 2317 2294)
4(1324 2316 2317 1325)
4(1303 1326 2318 2295)
4(1325 2317 2318 1326)
4(1304 1327 2319 2296)
4(1326 2318 2319 1327)
4(1305 1328 2320 2297)
4(1327 2319 2320 1328)
4(1306 1329 2321 2298)
4(1328 2320 2321 1329)
4(1307 1330 2322 2299)
4(1329 2321 2322 1330)
4(1330 2322 2323 1331)
4(1310 1333 2325 2302)
4(1332 2324 2325 1333)
4(1311 1334 2326 2303)
4(1333 2325 2326 1334)
4(1312 1335 2327 2304)
4(1334 2326 2327 1335)
4(1313 1336 2328 2305)
4(1335 2327 2328 1336)
4(1314 1337 2329 2306)
4(1336 2328 2329 1337)
4(1315 1338 2330 2307)
4(1337 2329 2330 1338)
4(1316 1339 2331 2308)
4(1338 2330 2331 1339)
4(1317 1340 2332 2309)
4(1339 2331 2332 1340)
4(1318 1341 2333 2310)
4(1340 2332 2333 1341)
4(1319 1342 2334 2311)
4(1341 2333 2334 1342)
4(1320 1343 2335 2312)
4(1342 2334 2335 1343)
4(1321 1344 2336 2313)
4(1343 2335 2336 1344)
4(1322 1345 2337 2314)
4(1344 2336 2337 1345)
4(1323 1346 2338 2315)
4(1345 2337 2338 1346)
4(1324 1347 2339 2316)
4(1346 2338 2339 1347)
4(1325 1348 2340 2317)
4(1347 2339 2340 1348)
4(1326 1349 2341 2318)
4(1348 2340 2341 1349)
4(1327 1350 2342 2319)
4(1349 2341 2342 1350)
4(1328 1351 2343 2320)
4(1350 2342 2343 1351)
4(1329 1352 2344 2321)
4(1351 2343 2344 1352)
4(1330 1353 2345 2322)
4(1352 2344 2345 1353)
4(1353 2345 2346 1354)
4(1333 1356 2348 2325)
4(1355 2347 2348 1356)
4(1334 1357 2349 2326)
4(1356 2348 2349 1357)
4(1335 1358 2350 2327)
4(1357 2349 2350 1358)
4(1336 1359 2351 2328)
4(1358 2350 2351 1359)
4(1337 1360 2352 2329)
4(1359 2351 2352 1360)
4(1338 1361 2353 2330)
4(1360 2352 2353 1361)
4(1339 1362 2354 2331)
4(1361 2353 2354 1362)
4(1340 1363 2355 2332)
4(1362 2354 2355 1363)
4(1341 1364 2356 2333)
4(1363 2355 2356 1364)
4(1342 1365 2357 2334)
4(1364 2356 2357 1365)
4(1343 1366 2358 2335)
4(1365 2357 2358 1366)
4(1344 1367 2359 2336)
4(1366 2358 2359 1367)
4(1345 1368 2360 2337)
4(1367 2359 2360 1368)
4(1346 1369 2361 2338)
4(1368 2360 2361 1369)
4(1347 1370 2362 2339)
4(1369 2361 2362 1370)
4(1348 1371 2363 2340)
4(1370 2362 2363 1371)
4(1349 1372 2364 2341)
4(1371 2363 2364 1372)
4(1350 1373 2365 2342)
4(1372 2364 2365 1373)
4(1351 1374 2366 2343)
4(1373 2365 2366 1374)
4(1352 1375 2367 2344)
4(1374 2366 2367 1375)
4(1353 1376 2368 2345)
4(1375 2367 2368 1376)
4(1376 2368 2369 1377)
4(1356 1379 2371 2348)
4(1378 2370 2371 1379)
4(1357 1380 2372 2349)
4(1379 2371 2372 1380)
4(1358 1381 2373 2350)
4(1380 2372 2373 1381)
4(1359 1382 2374 2351)
4(1381 2373 2374 1382)
4(1360 1383 2375 2352)
4(1382 2374 2375 1383)
4(1361 1384 2376 2353)
4(1383 2375 2376 1384)
4(1362 1385 2377 2354)
4(1384 2376 2377 1385)
4(1363 1386 2378 2355)
4(1385 2377 2378 1386)
4(1364 1387 2379 2356)
4(1386 2378 2379 1387)
4(1365 1388 2380 2357)
4(1387 2379 2380 1388)
4(1366 1389 2381 2358)
4(1388 2380 2381 1389)
4(1367 1390 2382 2359)
4(1389 2381 2382 1390)
4(1368 1391 2383 2360)
4(1390 2382 2383 1391)
4(1369 1392 2384 2361)
4(1391 2383 2384 1392)
4(1370 1393 2385 2362)
4(1392 2384 2385 1393)
4(1371 1394 2386 2363)
4(1393 2385 2386 1394)
4(1372 1395 2387 2364)
4(1394 2386 2387 1395)
4(1373 1396 2388 2365)
4(1395 2387 2388 1396)
4(1374 1397 2389 2366)
4(1396 2388 2389 1397)
4(1375 1398 2390 2367)
4(1397 2389 2390 1398)
4(1376 1399 2391 2368)
4(1398 2390 2391 1399)
4(1399 2391 2392 1400)
4(1379 1402 2394 2371)
4(1380 1403 2395 2372)
4(1381 1404 2396 2373)
4(1382 1405 2397 2374)
4(1383 1406 2398 2375)
4(1384 1407 2399 2376)
4(1385 1408 2400 2377)
4(1386 1409 2401 2378)
4(1387 1410 2402 2379)
4(1388 1411 2403 2380)
4(1389 1412 2404 2381)
4(1390 1413 2405 2382)
4(1391 1414 2406 2383)
4(1392 1415 2407 2384)
4(1393 1416 2408 2385)
4(1394 1417 2409 2386)
4(1395 1418 2410 2387)
4(1396 1419 2411 2388)
4(1397 1420 2412 2389)
4(1398 1421 2413 2390)
4(1399 1422 2414 2391)
4(0 216 240 24)
4(24 240 264 48)
4(48 264 288 72)
4(72 288 312 96)
4(96 312 336 120)
4(120 336 360 144)
4(144 360 384 168)
4(168 384 408 192)
4(192 408 1424 432)
4(432 1424 1448 456)
4(456 1448 1472 480)
4(480 1472 1496 504)
4(504 1496 1520 528)
4(528 1520 1544 552)
4(552 1544 1568 576)
4(576 1568 1592 600)
4(600 1592 1616 624)
4(624 1616 1640 648)
4(648 1640 1664 672)
4(672 1664 1688 696)
4(696 1688 1712 720)
4(720 1712 1736 744)
4(744 1736 1760 768)
4(768 1760 1784 792)
4(792 1784 1808 816)
4(816 1808 1832 840)
4(840 1832 1856 864)
4(864 1856 1880 888)
4(888 1880 1904 912)
4(912 1904 1928 936)
4(936 1928 1952 960)
4(960 1952 1976 984)
4(984 1976 2000 1008)
4(1008 2000 2024 1032)
4(1032 2024 2048 1056)
4(1056 2048 2071 1079)
4(1079 2071 2094 1102)
4(1102 2094 2117 1125)
4(1125 2117 2140 1148)
4(1148 2140 2163 1171)
4(1171 2163 2186 1194)
4(1194 2186 2209 1217)
4(1217 2209 2232 1240)
4(1240 2232 2255 1263)
4(1263 2255 2278 1286)
4(1286 2278 2301 1309)
4(1309 2301 2324 1332)
4(1332 2324 2347 1355)
4(1355 2347 2370 1378)
4(1378 2370 2393 1401)
4(0 1 217 216)
4(1 2 218 217)
4(2 3 219 218)
4(3 4 220 219)
4(4 5 221 220)
4(5 6 222 221)
4(6 7 223 222)
4(7 8 224 223)
4(8 9 225 224)
4(9 10 226 225)
4(10 11 227 226)
4(11 12 228 227)
4(12 13 229 228)
4(13 14 230 229)
4(14 15 231 230)
4(15 16 232 231)
4(16 17 233 232)
4(17 18 234 233)
4(18 19 235 234)
4(19 20 236 235)
4(20 21 237 236)
4(21 22 238 237)
4(22 23 239 238)
4(23 47 263 239)
4(47 71 287 263)
4(71 95 311 287)
4(95 119 335 311)
4(119 143 359 335)
4(143 167 383 359)
4(167 191 407 383)
4(191 215 431 407)
4(1401 2393 2394 1402)
4(1402 2394 2395 1403)
4(1403 2395 2396 1404)
4(1404 2396 2397 1405)
4(1405 2397 2398 1406)
4(1406 2398 2399 1407)
4(1407 2399 2400 1408)
4(1408 2400 2401 1409)
4(1409 2401 2402 1410)
4(1410 2402 2403 1411)
4(1411 2403 2404 1412)
4(1412 2404 2405 1413)
4(1413 2405 2406 1414)
4(1414 2406 2407 1415)
4(1415 2407 2408 1416)
4(1416 2408 2409 1417)
4(1417 2409 2410 1418)
4(1418 2410 2411 1419)
4(1419 2411 2412 1420)
4(1420 2412 2413 1421)
4(1421 2413 2414 1422)
4(1422 2414 2415 1423)
4(0 24 25 1)
4(24 48 49 25)
4(48 72 73 49)
4(72 96 97 73)
4(96 120 121 97)
4(120 144 145 121)
4(144 168 169 145)
4(168 192 193 169)
4(1 25 26 2)
4(25 49 50 26)
4(49 73 74 50)
4(73 97 98 74)
4(97 121 122 98)
4(121 145 146 122)
4(145 169 170 146)
4(169 193 194 170)
4(2 26 27 3)
4(26 50 51 27)
4(50 74 75 51)
4(74 98 99 75)
4(98 122 123 99)
4(122 146 147 123)
4(146 170 171 147)
4(170 194 195 171)
4(3 27 28 4)
4(27 51 52 28)
4(51 75 76 52)
4(75 99 100 76)
4(99 123 124 100)
4(123 147 148 124)
4(147 171 172 148)
4(171 195 196 172)
4(4 28 29 5)
4(28 52 53 29)
4(52 76 77 53)
4(76 100 101 77)
4(100 124 125 101)
4(124 148 149 125)
4(148 172 173 149)
4(172 196 197 173)
4(5 29 30 6)
4(29 53 54 30)
4(53 77 78 54)
4(77 101 102 78)
4(101 125 126 102)
4(125 149 150 126)
4(149 173 174 150)
4(173 197 198 174)
4(6 30 31 7)
4(30 54 55 31)
4(54 78 79 55)
4(78 102 103 79)
4(102 126 127 103)
4(126 150 151 127)
4(150 174 175 151)
4(174 198 199 175)
4(7 31 32 8)
4(31 55 56 32)
4(55 79 80 56)
4(79 103 104 80)
4(103 127 128 104)
4(127 151 152 128)
4(151 175 176 152)
4(175 199 200 176)
4(8 32 33 9)
4(32 56 57 33)
4(56 80 81 57)
4(80 104 105 81)
4(104 128 129 105)
4(128 152 153 129)
4(152 176 177 153)
4(176 200 201 177)
4(9 33 34 10)
4(33 57 58 34)
4(57 81 82 58)
4(81 105 106 82)
4(105 129 130 106)
4(129 153 154 130)
4(153 177 178 154)
4(177 201 202 178)
4(10 34 35 11)
4(34 58 59 35)
4(58 82 83 59)
4(82 106 107 83)
4(106 130 131 107)
4(130 154 155 131)
4(154 178 179 155)
4(178 202 203 179)
4(11 35 36 12)
4(35 59 60 36)
4(59 83 84 60)
4(83 107 108 84)
4(107 131 132 108)
4(131 155 156 132)
4(155 179 180 156)
4(179 203 204 180)
4(12 36 37 13)
4(36 60 61 37)
4(60 84 85 61)
4(84 108 109 85)
4(108 132 133 109)
4(132 156 157 133)
4(156 180 181 157)
4(180 204 205 181)
4(13 37 38 14)
4(37 61 62 38)
4(61 85 86 62)
4(85 109 110 86)
4(109 133 134 110)
4(133 157 158 134)
4(157 181 182 158)
4(181 205 206 182)
4(14 38 39 15)
4(38 62 63 39)
4(62 86 87 63)
4(86 110 111 87)
4(110 134 135 111)
4(134 158 159 135)
4(158 182 183 159)
4(182 206 207 183)
4(15 39 40 16)
4(39 63 64 40)
4(63 87 88 64)
4(87 111 112 88)
4(111 135 136 112)
4(135 159 160 136)
4(159 183 184 160)
4(183 207 208 184)
4(16 40 41 17)
4(40 64 65 41)
4(64 88 89 65)
4(88 112 113 89)
4(112 136 137 113)
4(136 160 161 137)
4(160 184 185 161)
4(184 208 209 185)
4(17 41 42 18)
4(41 65 66 42)
4(65 89 90 66)
4(89 113 114 90)
4(113 137 138 114)
4(137 161 162 138)
4(161 185 186 162)
4(185 209 210 186)
4(18 42 43 19)
4(42 66 67 43)
4(66 90 91 67)
4(90 114 115 91)
4(114 138 139 115)
4(138 162 163 139)
4(162 186 187 163)
4(186 210 211 187)
4(19 43 44 20)
4(43 67 68 44)
4(67 91 92 68)
4(91 115 116 92)
4(115 139 140 116)
4(139 163 164 140)
4(163 187 188 164)
4(187 211 212 188)
4(20 44 45 21)
4(44 68 69 45)
4(68 92 93 69)
4(92 116 117 93)
4(116 140 141 117)
4(140 164 165 141)
4(164 188 189 165)
4(188 212 213 189)
4(21 45 46 22)
4(45 69 70 46)
4(69 93 94 70)
4(93 117 118 94)
4(117 141 142 118)
4(141 165 166 142)
4(165 189 190 166)
4(189 213 214 190)
4(22 46 47 23)
4(46 70 71 47)
4(70 94 95 71)
4(94 118 119 95)
4(118 142 143 119)
4(142 166 167 143)
4(166 190 191 167)
4(190 214 215 191)
4(216 217 241 240)
4(240 241 265 264)
4(264 265 289 288)
4(288 289 313 312)
4(312 313 337 336)
4(336 337 361 360)
4(360 361 385 384)
4(384 385 409 408)
4(217 218 242 241)
4(241 242 266 265)
4(265 266 290 289)
4(289 290 314 313)
4(313 314 338 337)
4(337 338 362 361)
4(361 362 386 385)
4(385 386 410 409)
4(218 219 243 242)
4(242 243 267 266)
4(266 267 291 290)
4(290 291 315 314)
4(314 315 339 338)
4(338 339 363 362)
4(362 363 387 386)
4(386 387 411 410)
4(219 220 244 243)
4(243 244 268 267)
4(267 268 292 291)
4(291 292 316 315)
4(315 316 340 339)
4(339 340 364 363)
4(363 364 388 387)
4(387 388 412 411)
4(220 221 245 244)
4(244 245 269 268)
4(268 269 293 292)
4(292 293 317 316)
4(316 317 341 340)
4(340 341 365 364)
4(364 365 389 388)
4(388 389 413 412)
4(221 222 246 245)
4(245 246 270 269)
4(269 270 294 293)
4(293 294 318 317)
4(317 318 342 341)
4(341 342 366 365)
4(365 366 390 389)
4(389 390 414 413)
4(222 223 247 246)
4(246 247 271 270)
4(270 271 295 294)
4(294 295 319 318)
4(318 319 343 342)
4(342 343 367 366)
4(366 367 391 390)
4(390 391 415 414)
4(223 224 248 247)
4(247 248 272 271)
4(271 272 296 295)
4(295 296 320 319)
4(319 320 344 343)
4(343 344 368 367)
4(367 368 392 391)
4(391 392 416 415)
4(224 225 249 248)
4(248 249 273 272)
4(272 273 297 296)
4(296 297 321 320)
4(320 321 345 344)
4(344 345 369 368)
4(368 369 393 392)
4(392 393 417 416)
4(225 226 250 249)
4(249 250 274 273)
4(273 274 298 297)
4(297 298 322 321)
4(321 322 346 345)
4(345 346 370 369)
4(369 370 394 393)
4(393 394 418 417)
4(226 227 251 250)
4(250 251 275 274)
4(274 275 299 298)
4(298 299 323 322)
4(322 323 347 346)
4(346 347 371 370)
4(370 371 395 394)
4(394 395 419 418)
4(227 228 252 251)
4(251 252 276 275)
4(275 276 300 299)
4(299 300 324 323)
4(323 324 348 347)
4(347 348 372 371)
4(371 372 396 395)
4(395 396 420 419)
4(228 229 253 252)
4(252 253 277 276)
4(276 277 301 300)
4(300 301 325 324)
4(324 325 349 348)
4(348 349 373 372)
4(372 373 397 396)
4(396 397 421 420)
4(229 230 254 253)
4(253 254 278 277)
4(277 278 302 301)
4(301 302 326 325)
4(325 326 350 349)
4(349 350 374 373)
4(373 374 398 397)
4(397 398 422 421)
4(230 231 255 254)
4(254 255 279 278)
4(278 279 303 302)
4(302 303 327 326)
4(326 327 351 350)
4(350 351 375 374)
4(374 375 399 398)
4(398 399 423 422)
4(231 232 256 255)
4(255 256 280 279)
4(279 280 304 303)
4(303 304 328 327)
4(327 328 352 351)
4(351 352 376 375)
4(375 376 400 399)
4(399 400 424 423)
4(232 233 257 256)
4(256 257 281 280)
4(280 281 305 304)
4(304 305 329 328)
4(328 329 353 352)
4(352 353 377 376)
4(376 377 401 400)
4(400 401 425 424)
4(233 234 258 257)
4(257 258 282 281)
4(281 282 306 305)
4(305 306 330 329)
4(329 330 354 353)
4(353 354 378 377)
4(377 378 402 401)
4(401 402 426 425)
4(234 235 259 258)
4(258 259 283 282)
4(282 283 307 306)
4(306 307 331 330)
4(330 331 355 354)
4(354 355 379 378)
4(378 379 403 402)
4(402 403 427 426)
4(235 236 260 259)
4(259 260 284 283)
4(283 284 308 307)
4(307 308 332 331)
4(331 332 356 355)
4(355 356 380 379)
4(379 380 404 403)
4(403 404 428 427)
4(236 237 261 260)
4(260 261 285 284)
4(284 285 309 308)
4(308 309 333 332)
4(332 333 357 356)
4(356 357 381 380)
4(380 381 405 404)
4(404 405 429 428)
4(237 238 262 261)
4(261 262 286 285)
4(285 286 310 309)
4(309 310 334 333)
4(333 334 358 357)
4(357 358 382 381)
4(381 382 406 405)
4(405 406 430 429)
4(238 239 263 262)
4(262 263 287 286)
4(286 287 311 310)
4(310 311 335 334)
4(334 335 359 358)
4(358 359 383 382)
4(382 383 407 406)
4(406 407 431 430)
4(192 432 433 193)
4(432 456 457 433)
4(456 480 481 457)
4(480 504 505 481)
4(504 528 529 505)
4(528 552 553 529)
4(552 576 577 553)
4(576 600 601 577)
4(600 624 625 601)
4(624 648 649 625)
4(648 672 673 649)
4(672 696 697 673)
4(696 720 721 697)
4(720 744 745 721)
4(744 768 769 745)
4(768 792 793 769)
4(792 816 817 793)
4(816 840 841 817)
4(840 864 865 841)
4(864 888 889 865)
4(888 912 913 889)
4(912 936 937 913)
4(936 960 961 937)
4(960 984 985 961)
4(984 1008 1009 985)
4(1008 1032 1033 1009)
4(1032 1056 1057 1033)
4(1056 1079 1080 1057)
4(1079 1102 1103 1080)
4(1102 1125 1126 1103)
4(1125 1148 1149 1126)
4(1148 1171 1172 1149)
4(1171 1194 1195 1172)
4(1194 1217 1218 1195)
4(1217 1240 1241 1218)
4(1240 1263 1264 1241)
4(1263 1286 1287 1264)
4(1286 1309 1310 1287)
4(1309 1332 1333 1310)
4(1332 1355 1356 1333)
4(1355 1378 1379 1356)
4(1378 1401 1402 1379)
4(193 433 434 194)
4(433 457 458 434)
4(457 481 482 458)
4(481 505 506 482)
4(505 529 530 506)
4(529 553 554 530)
4(553 577 578 554)
4(577 601 602 578)
4(601 625 626 602)
4(625 649 650 626)
4(649 673 674 650)
4(673 697 698 674)
4(697 721 722 698)
4(721 745 746 722)
4(745 769 770 746)
4(769 793 794 770)
4(793 817 818 794)
4(817 841 842 818)
4(841 865 866 842)
4(865 889 890 866)
4(889 913 914 890)
4(913 937 938 914)
4(937 961 962 938)
4(961 985 986 962)
4(985 1009 1010 986)
4(1009 1033 1034 1010)
4(1033 1057 1058 1034)
4(1057 1080 1081 1058)
4(1080 1103 1104 1081)
4(1103 1126 1127 1104)
4(1126 1149 1150 1127)
4(1149 1172 1173 1150)
4(1172 1195 1196 1173)
4(1195 1218 1219 1196)
4(1218 1241 1242 1219)
4(1241 1264 1265 1242)
4(1264 1287 1288 1265)
4(1287 1310 1311 1288)
4(1310 1333 1334 1311)
4(1333 1356 1357 1334)
4(1356 1379 1380 1357)
4(1379 1402 1403 1380)
4(194 434 435 195)
4(434 458 459 435)
4(458 482 483 459)
4(482 506 507 483)
4(506 530 531 507)
4(530 554 555 531)
4(554 578 579 555)
4(578 602 603 579)
4(602 626 627 603)
4(626 650 651 627)
4(650 674 675 651)
4(674 698 699 675)
4(698 722 723 699)
4(722 746 747 723)
4(746 770 771 747)
4(770 794 795 771)
4(794 818 819 795)
4(818 842 843 819)
4(842 866 867 843)
4(866 890 891 867)
4(890 914 915 891)
4(914 938 939 915)
4(938 962 963 939)
4(962 986 987 963)
4(986 1010 1011 987)
4(1010 1034 1035 1011)
4(1034 1058 1059 1035)
4(1058 1081 1082 1059)
4(1081 1104 1105 1082)
4(1104 1127 1128 1105)
4(1127 1150 1151 1128)
4(1150 1173 1174 1151)
4(1173 1196 1197 1174)
4(1196 1219 1220 1197)
4(1219 1242 1243 1220)
4(1242 1265 1266 1243)
4(1265 1288 1289 1266)
4(1288 1311 1312 1289)
4(1311 1334 1335 1312)
4(1334 1357 1358 1335)
4(1357 1380 1381 1358)
4(1380 1403 1404 1381)
4(195 435 436 196)
4(435 459 460 436)
4(459 483 484 460)
4(483 507 508 484)
4(507 531 532 508)
4(531 555 556 532)
4(555 579 580 556)
4(579 603 604 580)
4(603 627 628 604)
4(627 651 652 628)
4(651 675 676 652)
4(675 699 700 676)
4(699 723 724 700)
4(723 747 748 724)
4(747 771 772 748)
4(771 795 796 772)
4(795 819 820 796)
4(819 843 844 820)
4(843 867 868 844)
4(867 891 892 868)
4(891 915 916 892)
4(915 939 940 916)
4(939 963 964 940)
4(963 987 988 964)
4(987 1011 1012 988)
4(1011 1035 1036 1012)
4(1035 1059 1060 1036)
4(1059 1082 1083 1060)
4(1082 1105 1106 1083)
4(1105 1128 1129 1106)
4(1128 1151 1152 1129)
4(1151 1174 1175 1152)
4(1174 1197 1198 1175)
4(1197 1220 1221 1198)
4(1220 1243 1244 1221)
4(1243 1266 1267 1244)
4(1266 1289 1290 1267)
4(1289 1312 1313 1290)
4(1312 1335 1336 1313)
4(1335 1358 1359 1336)
4(1358 1381 1382 1359)
4(1381 1404 1405 1382)
4(196 436 437 197)
4(436 460 461 437)
4(460 484 485 461)
4(484 508 509 485)
4(508 532 533 509)
4(532 556 557 533)
4(556 580 581 557)
4(580 604 605 581)
4(604 628 629 605)
4(628 652 653 629)
4(652 676 677 653)
4(676 700 701 677)
4(700 724 725 701)
4(724 748 749 725)
4(748 772 773 749)
4(772 796 797 773)
4(796 820 821 797)
4(820 844 845 821)
4(844 868 869 845)
4(868 892 893 869)
4(892 916 917 893)
4(916 940 941 917)
4(940 964 965 941)
4(964 988 989 965)
4(988 1012 1013 989)
4(1012 1036 1037 1013)
4(1036 1060 1061 1037)
4(1060 1083 1084 1061)
4(1083 1106 1107 1084)
4(1106 1129 1130 1107)
4(1129 1152 1153 1130)
4(1152 1175 1176 1153)
4(1175 1198 1199 1176)
4(1198 1221 1222 1199)
4(1221 1244 1245 1222)
4(1244 1267 1268 1245)
4(1267 1290 1291 1268)
4(1290 1313 1314 1291)
4(1313 1336 1337 1314)
4(1336 1359 1360 1337)
4(1359 1382 1383 1360)
4(1382 1405 1406 1383)
4(197 437 438 198)
4(437 461 462 438)
4(461 485 486 462)
4(485 509 510 486)
4(509 533 534 510)
4(533 557 558 534)
4(557 581 582 558)
4(581 605 606 582)
4(605 629 630 606)
4(629 653 654 630)
4(653 677 678 654)
4(677 701 702 678)
4(701 725 726 702)
4(725 749 750 726)
4(749 773 774 750)
4(773 797 798 774)
4(797 821 822 798)
4(821 845 846 822)
4(845 869 870 846)
4(869 893 894 870)
4(893 917 918 894)
4(917 941 942 918)
4(941 965 966 942)
4(965 989 990 966)
4(989 1013 1014 990)
4(1013 1037 1038 1014)
4(1037 1061 1062 1038)
4(1061 1084 1085 1062)
4(1084 1107 1108 1085)
4(1107 1130 1131 1108)
4(1130 1153 1154 1131)
4(1153 1176 1177 1154)
4(1176 1199 1200 1177)
4(1199 1222 1223 1200)
4(1222 1245 1246 1223)
4(1245 1268 1269 1246)
4(1268 1291 1292 1269)
4(1291 1314 1315 1292)
4(1314 1337 1338 1315)
4(1337 1360 1361 1338)
4(1360 1383 1384 1361)
4(1383 1406 1407 1384)
4(198 438 439 199)
4(438 462 463 439)
4(462 486 487 463)
4(486 510 511 487)
4(510 534 535 511)
4(534 558 559 535)
4(558 582 583 559)
4(582 606 607 583)
4(606 630 631 607)
4(630 654 655 631)
4(654 678 679 655)
4(678 702 703 679)
4(702 726 727 703)
4(726 750 751 727)
4(750 774 775 751)
4(774 798 799 775)
4(798 822 823 799)
4(822 846 847 823)
4(846 870 871 847)
4(870 894 895 871)
4(894 918 919 895)
4(918 942 943 919)
4(942 966 967 943)
4(966 990 991 967)
4(990 1014 1015 991)
4(1014 1038 1039 1015)
4(1038 1062 1063 1039)
4(1062 1085 1086 1063)
4(1085 1108 1109 1086)
4(1108 1131 1132 1109)
4(1131 1154 1155 1132)
4(1154 1177 1178 1155)
4(1177 1200 1201 1178)
4(1200 1223 1224 1201)
4(1223 1246 1247 1224)
4(1246 1269 1270 1247)
4(1269 1292 1293 1270)
4(1292 1315 1316 1293)
4(1315 1338 1339 1316)
4(1338 1361 1362 1339)
4(1361 1384 1385 1362)
4(1384 1407 1408 1385)
4(199 439 440 200)
4(439 463 464 440)
4(463 487 488 464)
4(487 511 512 488)
4(511 535 536 512)
4(535 559 560 536)
4(559 583 584 560)
4(583 607 608 584)
4(607 631 632 608)
4(631 655 656 632)
4(655 679 680 656)
4(679 703 704 680)
4(703 727 728 704)
4(727 751 752 728)
4(751 775 776 752)
4(775 799 800 776)
4(799 823 824 800)
4(823 847 848 824)
4(847 871 872 848)
4(871 895 896 872)
4(895 919 920 896)
4(919 943 944 920)
4(943 967 968 944)
4(967 991 992 968)
4(991 1015 1016 992)
4(1015 1039 1040 1016)
4(1039 1063 1064 1040)
4(1063 1086 1087 1064)
4(1086 1109 1110 1087)
4(1109 1132 1133 1110)
4(1132 1155 1156 1133)
4(1155 1178 1179 1156)
4(1178 1201 1202 1179)
4(1201 1224 1225 1202)
4(1224 1247 1248 1225)
4(1247 1270 1271 1248)
4(1270 1293 1294 1271)
4(1293 1316 1317 1294)
4(1316 1339 1340 1317)
4(1339 1362 1363 1340)
4(1362 1385 1386 1363)
4(1385 1408 1409 1386)
4(200 440 441 201)
4(440 464 465 441)
4(464 488 489 465)
4(488 512 513 489)
4(512 536 537 513)
4(536 560 561 537)
4(560 584 585 561)
4(584 608 609 585)
4(608 632 633 609)
4(632 656 657 633)
4(656 680 681 657)
4(680 704 705 681)
4(704 728 729 705)
4(728 752 753 729)
4(752 776 777 753)
4(776 800 801 777)
4(800 824 825 801)
4(824 848 849 825)
4(848 872 873 849)
4(872 896 897 873)
4(896 920 921 897)
4(920 944 945 921)
4(944 968 969 945)
4(968 992 993 969)
4(992 1016 1017 993)
4(1016 1040 1041 1017)
4(1040 1064 1065 1041)
4(1064 1087 1088 1065)
4(1087 1110 1111 1088)
4(1110 1133 1134 1111)
4(1133 1156 1157 1134)
4(1156 1179 1180 1157)
4(1179 1202 1203 1180)
4(1202 1225 1226 1203)
4(1225 1248 1249 1226)
4(1248 1271 1272 1249)
4(1271 1294 1295 1272)
4(1294 1317 1318 1295)
4(1317 1340 1341 1318)
4(1340 1363 1364 1341)
4(1363 1386 1387 1364)
4(1386 1409 1410 1387)
4(201 441 442 202)
4(441 465 466 442)
4(465 489 490 466)
4(489 513 514 490)
4(513 537 538 514)
4(537 561 562 538)
4(561 585 586 562)
4(585 609 610 586)
4(609 633 634 610)
4(633 657 658 634)
4(657 681 682 658)
4(681 705 706 682)
4(705 729 730 706)
4(729 753 754 730)
4(753 777 778 754)
4(777 801 802 778)
4(801 825 826 802)
4(825 849 850 826)
4(849 873 874 850)
4(873 897 898 874)
4(897 921 922 898)
4(921 945 946 922)
4(945 969 970 946)
4(969 993 994 970)
4(993 1017 1018 994)
4(1017 1041 1042 1018)
4(1041 1065 1066 1042)
4(1065 1088 1089 1066)
4(1088 1111 1112 1089)
4(1111 1134 1135 1112)
4(1134 1157 1158 1135)
4(1157 1180 1181 1158)
4(1180 1203 1204 1181)
4(1203 1226 1227 1204)
4(1226 1249 1250 1227)
4(1249 1272 1273 1250)
4(1272 1295 1296 1273)
4(1295 1318 1319 1296)
4(1318 1341 1342 1319)
4(1341 1364 1365 1342)
4(1364 1387 1388 1365)
4(1387 1410 1411 1388)
4(202 442 443 203)
4(442 466 467 443)
4(466 490 491 467)
4(490 514 515 491)
4(514 538 539 515)
4(538 562 563 539)
4(562 586 587 563)
4(586 610 611 587)
4(610 634 635 611)
4(634 658 659 635)
4(658 682 683 659)
4(682 706 707 683)
4(706 730 731 707)
4(730 754 755 731)
4(754 778 779 755)
4(778 802 803 779)
4(802 826 827 803)
4(826 850 851 827)
4(850 874 875 851)
4(874 898 899 875)
4(898 922 923 899)
4(922 946 947 923)
4(946 970 971 947)
4(970 994 995 971)
4(994 1018 1019 995)
4(1018 1042 1043 1019)
4(1042 1066 1067 1043)
4(1066 1089 1090 1067)
4(1089 1112 1113 1090)
4(1112 1135 1136 1113)
4(1135 1158 1159 1136)
4(1158 1181 1182 1159)
4(1181 1204 1205 1182)
4(1204 1227 1228 1205)
4(1227 1250 1251 1228)
4(1250 1273 1274 1251)
4(1273 1296 1297 1274)
4(1296 1319 1320 1297)
4(1319 1342 1343 1320)
4(1342 1365 1366 1343)
4(1365 1388 1389 1366)
4(1388 1411 1412 1389)
4(203 443 444 204)
4(443 467 468 444)
4(467 491 492 468)
4(491 515 516 492)
4(515 539 540 516)
4(539 563 564 540)
4(563 587 588 564)
4(587 611 612 588)
4(611 635 636 612)
4(635 659 660 636)
4(659 683 684 660)
4(683 707 708 684)
4(707 731 732 708)
4(731 755 756 732)
4(755 779 780 756)
4(779 803 804 780)
4(803 827 828 804)
4(827 851 852 828)
4(851 875 876 852)
4(875 899 900 876)
4(899 923 924 900)
4(923 947 948 924)
4(947 971 972 948)
4(971 995 996 972)
4(995 1019 1020 996)
4(1019 1043 1044 1020)
4(1043 1067 1068 1044)
4(1067 1090 1091 1068)
4(1090 1113 1114 1091)
4(1113 1136 1137 1114)
4(1136 1159 1160 1137)
4(1159 1182 1183 1160)
4(1182 1205 1206 1183)
4(1205 1228 1229 1206)
4(1228 1251 1252 1229)
4(1251 1274 1275 1252)
4(1274 1297 1298 1275)
4(1297 1320 1321 1298)
4(1320 1343 1344 1321)
4(1343 1366 1367 1344)
4(1366 1389 1390 1367)
4(1389 1412 1413 1390)
4(204 444 445 205)
4(444 468 469 445)
4(468 492 493 469)
4(492 516 517 493)
4(516 540 541 517)
4(540 564 565 541)
4(564 588 589 565)
4(588 612 613 589)
4(612 636 637 613)
4(636 660 661 637)
4(660 684 685 661)
4(684 708 709 685)
4(708 732 733 709)
4(732 756 757 733)
4(756 780 781 757)
4(780 804 805 781)
4(804 828 829 805)
4(828 852 853 829)
4(852 876 877 853)
4(876 900 901 877)
4(900 924 925 901)
4(924 948 949 925)
4(948 972 973 949)
4(972 996 997 973)
4(996 1020 1021 997)
4(1020 1044 1045 1021)
4(1044 1068 1069 1045)
4(1068 1091 1092 1069)
4(1091 1114 1115 1092)
4(1114 1137 1138 1115)
4(1137 1160 1161 1138)
4(1160 1183 1184 1161)
4(1183 1206 1207 1184)
4(1206 1229 1230 1207)
4(1229 1252 1253 1230)
4(1252 1275 1276 1253)
4(1275 1298 1299 1276)
4(1298 1321 1322 1299)
4(1321 1344 1345 1322)
4(1344 1367 1368 1345)
4(1367 1390 1391 1368)
4(1390 1413 1414 1391)
4(205 445 446 206)
4(445 469 470 446)
4(469 493 494 470)
4(493 517 518 494)
4(517 541 542 518)
4(541 565 566 542)
4(565 589 590 566)
4(589 613 614 590)
4(613 637 638 614)
4(637 661 662 638)
4(661 685 686 662)
4(685 709 710 686)
4(709 733 734 710)
4(733 757 758 734)
4(757 781 782 758)
4(781 805 806 782)
4(805 829 830 806)
4(829 853 854 830)
4(853 877 878 854)
4(877 901 902 878)
4(901 925 926 902)
4(925 949 950 926)
4(949 973 974 950)
4(973 997 998 974)
4(997 1021 1022 998)
4(1021 1045 1046 1022)
4(1045 1069 1070 1046)
4(1069 1092 1093 1070)
4(1092 1115 1116 1093)
4(1115 1138 1139 1116)
4(1138 1161 1162 1139)
4(1161 1184 1185 1162)
4(1184 1207 1208 1185)
4(1207 1230 1231 1208)
4(1230 1253 1254 1231)
4(1253 1276 1277 1254)
4(1276 1299 1300 1277)
4(1299 1322 1323 1300)
4(1322 1345 1346 1323)
4(1345 1368 1369 1346)
4(1368 1391 1392 1369)
4(1391 1414 1415 1392)
4(206 446 447 207)
4(446 470 471 447)
4(470 494 495 471)
4(494 518 519 495)
4(518 542 543 519)
4(542 566 567 543)
4(566 590 591 567)
4(590 614 615 591)
4(614 638 639 615)
4(638 662 663 639)
4(662 686 687 663)
4(686 710 711 687)
4(710 734 735 711)
4(734 758 759 735)
4(758 782 783 759)
4(782 806 807 783)
4(806 830 831 807)
4(830 854 855 831)
4(854 878 879 855)
4(878 902 903 879)
4(902 926 927 903)
4(926 950 951 927)
4(950 974 975 951)
4(974 998 999 975)
4(998 1022 1023 999)
4(1022 1046 1047 1023)
4(1046 1070 1071 1047)
4(1070 1093 1094 1071)
4(1093 1116 1117 1094)
4(1116 1139 1140 1117)
4(1139 1162 1163 1140)
4(1162 1185 1186 1163)
4(1185 1208 1209 1186)
4(1208 1231 1232 1209)
4(1231 1254 1255 1232)
4(1254 1277 1278 1255)
4(1277 1300 1301 1278)
4(1300 1323 1324 1301)
4(1323 1346 1347 1324)
4(1346 1369 1370 1347)
4(1369 1392 1393 1370)
4(1392 1415 1416 1393)
4(207 447 448 208)
4(447 471 472 448)
4(471 495 496 472)
4(495 519 520 496)
4(519 543 544 520)
4(543 567 568 544)
4(567 591 592 568)
4(591 615 616 592)
4(615 639 640 616)
4(639 663 664 640)
4(663 687 688 664)
4(687 711 712 688)
4(711 735 736 712)
4(735 759 760 736)
4(759 783 784 760)
4(783 807 808 784)
4(807 831 832 808)
4(831 855 856 832)
4(855 879 880 856)
4(879 903 904 880)
4(903 927 928 904)
4(927 951 952 928)
4(951 975 976 952)
4(975 999 1000 976)
4(999 1023 1024 1000)
4(1023 1047 1048 1024)
4(1047 1071 1072 1048)
4(1071 1094 1095 1072)
4(1094 1117 1118 1095)
4(1117 1140 1141 1118)
4(1140 1163 1164 1141)
4(1163 1186 1187 1164)
4(1186 1209 1210 1187)
4(1209 1232 1233 1210)
4(1232 1255 1256 1233)
4(1255 1278 1279 1256)
4(1278 1301 1302 1279)
4(1301 1324 1325 1302)
4(1324 1347 1348 1325)
4(1347 1370 1371 1348)
4(1370 1393 1394 1371)
4(1393 1416 1417 1394)
4(208 448 449 209)
4(448 472 473 449)
4(472 496 497 473)
4(496 520 521 497)
4(520 544 545 521)
4(544 568 569 545)
4(568 592 593 569)
4(592 616 617 593)
4(616 640 641 617)
4(640 664 665 641)
4(664 688 689 665)
4(688 712 713 689)
4(712 736 737 713)
4(736 760 761 737)
4(760 784 785 761)
4(784 808 809 785)
4(808 832 833 809)
4(832 856 857 833)
4(856 880 881 857)
4(880 904 905 881)
4(904 928 929 905)
4(928 952 953 929)
4(952 976 977 953)
4(976 1000 1001 977)
4(1000 1024 1025 1001)
4(1024 1048 1049 1025)
4(1048 1072 1073 1049)
4(1072 1095 1096 1073)
4(1095 1118 1119 1096)
4(1118 1141 1142 1119)
4(1141 1164 1165 1142)
4(1164 1187 1188 1165)
4(1187 1210 1211 1188)
4(1210 1233 1234 1211)
4(1233 1256 1257 1234)
4(1256 1279 1280 1257)
4(1279 1302 1303 1280)
4(1302 1325 1326 1303)
4(1325 1348 1349 1326)
4(1348 1371 1372 1349)
4(1371 1394 1395 1372)
4(1394 1417 1418 1395)
4(209 449 450 210)
4(449 473 474 450)
4(473 497 498 474)
4(497 521 522 498)
4(521 545 546 522)
4(545 569 570 546)
4(569 593 594 570)
4(593 617 618 594)
4(617 641 642 618)
4(641 665 666 642)
4(665 689 690 666)
4(689 713 714 690)
4(713 737 738 714)
4(737 761 762 738)
4(761 785 786 762)
4(785 809 810 786)
4(809 833 834 810)
4(833 857 858 834)
4(857 881 882 858)
4(881 905 906 882)
4(905 929 930 906)
4(929 953 954 930)
4(953 977 978 954)
4(977 1001 1002 978)
4(1001 1025 1026 1002)
4(1025 1049 1050 1026)
4(1049 1073 1074 1050)
4(1073 1096 1097 1074)
4(1096 1119 1120 1097)
4(1119 1142 1143 1120)
4(1142 1165 1166 1143)
4(1165 1188 1189 1166)
4(1188 1211 1212 1189)
4(1211 1234 1235 1212)
4(1234 1257 1258 1235)
4(1257 1280 1281 1258)
4(1280 1303 1304 1281)
4(1303 1326 1327 1304)
4(1326 1349 1350 1327)
4(1349 1372 1373 1350)
4(1372 1395 1396 1373)
4(1395 1418 1419 1396)
4(210 450 451 211)
4(450 474 475 451)
4(474 498 499 475)
4(498 522 523 499)
4(522 546 547 523)
4(546 570 571 547)
4(570 594 595 571)
4(594 618 619 595)
4(618 642 643 619)
4(642 666 667 643)
4(666 690 691 667)
4(690 714 715 691)
4(714 738 739 715)
4(738 762 763 739)
4(762 786 787 763)
4(786 810 811 787)
4(810 834 835 811)
4(834 858 859 835)
4(858 882 883 859)
4(882 906 907 883)
4(906 930 931 907)
4(930 954 955 931)
4(954 978 979 955)
4(978 1002 1003 979)
4(1002 1026 1027 1003)
4(1026 1050 1051 1027)
4(1050 1074 1075 1051)
4(1074 1097 1098 1075)
4(1097 1120 1121 1098)
4(1120 1143 1144 1121)
4(1143 1166 1167 1144)
4(1166 1189 1190 1167)
4(1189 1212 1213 1190)
4(1212 1235 1236 1213)
4(1235 1258 1259 1236)
4(1258 1281 1282 1259)
4(1281 1304 1305 1282)
4(1304 1327 1328 1305)
4(1327 1350 1351 1328)
4(1350 1373 1374 1351)
4(1373 1396 1397 1374)
4(1396 1419 1420 1397)
4(211 451 452 212)
4(451 475 476 452)
4(475 499 500 476)
4(499 523 524 500)
4(523 547 548 524)
4(547 571 572 548)
4(571 595 596 572)
4(595 619 620 596)
4(619 643 644 620)
4(643 667 668 644)
4(667 691 692 668)
4(691 715 716 692)
4(715 739 740 716)
4(739 763 764 740)
4(763 787 788 764)
4(787 811 812 788)
4(811 835 836 812)
4(835 859 860 836)
4(859 883 884 860)
4(883 907 908 884)
4(907 931 932 908)
4(931 955 956 932)
4(955 979 980 956)
4(979 1003 1004 980)
4(1003 1027 1028 1004)
4(1027 1051 1052 1028)
4(1051 1075 1076 1052)
4(1075 1098 1099 1076)
4(1098 1121 1122 1099)
4(1121 1144 1145 1122)
4(1144 1167 1168 1145)
4(1167 1190 1191 1168)
4(1190 1213 1214 1191)
4(1213 1236 1237 1214)
4(1236 1259 1260 1237)
4(1259 1282 1283 1260)
4(1282 1305 1306 1283)
4(1305 1328 1329 1306)
4(1328 1351 1352 1329)
4(1351 1374 1375 1352)
4(1374 1397 1398 1375)
4(1397 1420 1421 1398)
4(212 452 453 213)
4(452 476 477 453)
4(476 500 501 477)
4(500 524 525 501)
4(524 548 549 525)
4(548 572 573 549)
4(572 596 597 573)
4(596 620 621 597)
4(620 644 645 621)
4(644 668 669 645)
4(668 692 693 669)
4(692 716 717 693)
4(716 740 741 717)
4(740 764 765 741)
4(764 788 789 765)
4(788 812 813 789)
4(812 836 837 813)
4(836 860 861 837)
4(860 884 885 861)
4(884 908 909 885)
4(908 932 933 909)
4(932 956 957 933)
4(956 980 981 957)
4(980 1004 1005 981)
4(1004 1028 1029 1005)
4(1028 1052 1053 1029)
4(1052 1076 1077 1053)
4(1076 1099 1100 1077)
4(1099 1122 1123 1100)
4(1122 1145 1146 1123)
4(1145 1168 1169 1146)
4(1168 1191 1192 1169)
4(1191 1214 1215 1192)
4(1214 1237 1238 1215)
4(1237 1260 1261 1238)
4(1260 1283 1284 1261)
4(1283 1306 1307 1284)
4(1306 1329 1330 1307)
4(1329 1352 1353 1330)
4(1352 1375 1376 1353)
4(1375 1398 1399 1376)
4(1398 1421 1422 1399)
4(213 453 454 214)
4(453 477 478 454)
4(477 501 502 478)
4(501 525 526 502)
4(525 549 550 526)
4(549 573 574 550)
4(573 597 598 574)
4(597 621 622 598)
4(621 645 646 622)
4(645 669 670 646)
4(669 693 694 670)
4(693 717 718 694)
4(717 741 742 718)
4(741 765 766 742)
4(765 789 790 766)
4(789 813 814 790)
4(813 837 838 814)
4(837 861 862 838)
4(861 885 886 862)
4(885 909 910 886)
4(909 933 934 910)
4(933 957 958 934)
4(957 981 982 958)
4(981 1005 1006 982)
4(1005 1029 1030 1006)
4(1029 1053 1054 1030)
4(1053 1077 1078 1054)
4(1077 1100 1101 1078)
4(1100 1123 1124 1101)
4(1123 1146 1147 1124)
4(1146 1169 1170 1147)
4(1169 1192 1193 1170)
4(1192 1215 1216 1193)
4(1215 1238 1239 1216)
4(1238 1261 1262 1239)
4(1261 1284 1285 1262)
4(1284 1307 1308 1285)
4(1307 1330 1331 1308)
4(1330 1353 1354 1331)
4(1353 1376 1377 1354)
4(1376 1399 1400 1377)
4(1399 1422 1423 1400)
4(214 454 455 215)
4(454 478 479 455)
4(478 502 503 479)
4(502 526 527 503)
4(526 550 551 527)
4(550 574 575 551)
4(574 598 599 575)
4(598 622 623 599)
4(622 646 647 623)
4(646 670 671 647)
4(670 694 695 671)
4(694 718 719 695)
4(718 742 743 719)
4(742 766 767 743)
4(766 790 791 767)
4(790 814 815 791)
4(814 838 839 815)
4(838 862 863 839)
4(862 886 887 863)
4(886 910 911 887)
4(910 934 935 911)
4(934 958 959 935)
4(958 982 983 959)
4(982 1006 1007 983)
4(1006 1030 1031 1007)
4(1030 1054 1055 1031)
4(408 409 1425 1424)
4(1424 1425 1449 1448)
4(1448 1449 1473 1472)
4(1472 1473 1497 1496)
4(1496 1497 1521 1520)
4(1520 1521 1545 1544)
4(1544 1545 1569 1568)
4(1568 1569 1593 1592)
4(1592 1593 1617 1616)
4(1616 1617 1641 1640)
4(1640 1641 1665 1664)
4(1664 1665 1689 1688)
4(1688 1689 1713 1712)
4(1712 1713 1737 1736)
4(1736 1737 1761 1760)
4(1760 1761 1785 1784)
4(1784 1785 1809 1808)
4(1808 1809 1833 1832)
4(1832 1833 1857 1856)
4(1856 1857 1881 1880)
4(1880 1881 1905 1904)
4(1904 1905 1929 1928)
4(1928 1929 1953 1952)
4(1952 1953 1977 1976)
4(1976 1977 2001 2000)
4(2000 2001 2025 2024)
4(2024 2025 2049 2048)
4(2048 2049 2072 2071)
4(2071 2072 2095 2094)
4(2094 2095 2118 2117)
4(2117 2118 2141 2140)
4(2140 2141 2164 2163)
4(2163 2164 2187 2186)
4(2186 2187 2210 2209)
4(2209 2210 2233 2232)
4(2232 2233 2256 2255)
4(2255 2256 2279 2278)
4(2278 2279 2302 2301)
4(2301 2302 2325 2324)
4(2324 2325 2348 2347)
4(2347 2348 2371 2370)
4(2370 2371 2394 2393)
4(409 410 1426 1425)
4(1425 1426 1450 1449)
4(1449 1450 1474 1473)
4(1473 1474 1498 1497)
4(1497 1498 1522 1521)
4(1521 1522 1546 1545)
4(1545 1546 1570 1569)
4(1569 1570 1594 1593)
4(1593 1594 1618 1617)
4(1617 1618 1642 1641)
4(1641 1642 1666 1665)
4(1665 1666 1690 1689)
4(1689 1690 1714 1713)
4(1713 1714 1738 1737)
4(1737 1738 1762 1761)
4(1761 1762 1786 1785)
4(1785 1786 1810 1809)
4(1809 1810 1834 1833)
4(1833 1834 1858 1857)
4(1857 1858 1882 1881)
4(1881 1882 1906 1905)
4(1905 1906 1930 1929)
4(1929 1930 1954 1953)
4(1953 1954 1978 1977)
4(1977 1978 2002 2001)
4(2001 2002 2026 2025)
4(2025 2026 2050 2049)
4(2049 2050 2073 2072)
4(2072 2073 2096 2095)
4(2095 2096 2119 2118)
4(2118 2119 2142 2141)
4(2141 2142 2165 2164)
4(2164 2165 2188 2187)
4(2187 2188 2211 2210)
4(2210 2211 2234 2233)
4(2233 2234 2257 2256)
4(2256 2257 2280 2279)
4(2279 2280 2303 2302)
4(2302 2303 2326 2325)
4(2325 2326 2349 2348)
4(2348 2349 2372 2371)
4(2371 2372 2395 2394)
4(410 411 1427 1426)
4(1426 1427 1451 1450)
4(1450 1451 1475 1474)
4(1474 1475 1499 1498)
4(1498 1499 1523 1522)
4(1522 1523 1547 1546)
4(1546 1547 1571 1570)
4(1570 1571 1595 1594)
4(1594 1595 1619 1618)
4(1618 1619 1643 1642)
4(1642 1643 1667 1666)
4(1666 1667 1691 1690)
4(1690 1691 1715 1714)
4(1714 1715 1739 1738)
4(1738 1739 1763 1762)
4(1762 1763 1787 1786)
4(1786 1787 1811 1810)
4(1810 1811 1835 1834)
4(1834 1835 1859 1858)
4(1858 1859 1883 1882)
4(1882 1883 1907 1906)
4(1906 1907 1931 1930)
4(1930 1931 1955 1954)
4(1954 1955 1979 1978)
4(1978 1979 2003 2002)
4(2002 2003 2027 2026)
4(2026 2027 2051 2050)
4(2050 2051 2074 2073)
4(2073 2074 2097 2096)
4(2096 2097 2120 2119)
4(2119 2120 2143 2142)
4(2142 2143 2166 2165)
4(2165 2166 2189 2188)
4(2188 2189 2212 2211)
4(2211 2212 2235 2234)
4(2234 2235 2258 2257)
4(2257 2258 2281 2280)
4(2280 2281 2304 2303)
4(2303 2304 2327 2326)
4(2326 2327 2350 2349)
4(2349 2350 2373 2372)
4(2372 2373 2396 2395)
4(411 412 1428 1427)
4(1427 1428 1452 1451)
4(1451 1452 1476 1475)
4(1475 1476 1500 1499)
4(1499 1500 1524 1523)
4(1523 1524 1548 1547)
4(1547 1548 1572 1571)
4(1571 1572 1596 1595)
4(1595 1596 1620 1619)
4(1619 1620 1644 1643)
4(1643 1644 1668 1667)
4(1667 1668 1692 1691)
4(1691 1692 1716 1715)
4(1715 1716 1740 1739)
4(1739 1740 1764 1763)
4(1763 1764 1788 1787)
4(1787 1788 1812 1811)
4(1811 1812 1836 1835)
4(1835 1836 1860 1859)
4(1859 1860 1884 1883)
4(1883 1884 1908 1907)
4(1907 1908 1932 1931)
4(1931 1932 1956 1955)
4(1955 1956 1980 1979)
4(1979 1980 2004 2003)
4(2003 2004 2028 2027)
4(2027 2028 2052 2051)
4(2051 2052 2075 2074)
4(2074 2075 2098 2097)
4(2097 2098 2121 2120)
4(2120 2121 2144 2143)
4(2143 2144 2167 2166)
4(2166 2167 2190 2189)
4(2189 2190 2213 2212)
4(2212 2213 2236 2235)
4(2235 2236 2259 2258)
4(2258 2259 2282 2281)
4(2281 2282 2305 2304)
4(2304 2305 2328 2327)
4(2327 2328 2351 2350)
4(2350 2351 2374 2373)
4(2373 2374 2397 2396)
4(412 413 1429 1428)
4(1428 1429 1453 1452)
4(1452 1453 1477 1476)
4(1476 1477 1501 1500)
4(1500 1501 1525 1524)
4(1524 1525 1549 1548)
4(1548 1549 1573 1572)
4(1572 1573 1597 1596)
4(1596 1597 1621 1620)
4(1620 1621 1645 1644)
4(1644 1645 1669 1668)
4(1668 1669 1693 1692)
4(1692 1693 1717 1716)
4(1716 1717 1741 1740)
4(1740 1741 1765 1764)
4(1764 1765 1789 1788)
4(1788 1789 1813 1812)
4(1812 1813 1837 1836)
4(1836 1837 1861 1860)
4(1860 1861 1885 1884)
4(1884 1885 1909 1908)
4(1908 1909 1933 1932)
4(1932 1933 1957 1956)
4(1956 1957 1981 1980)
4(1980 1981 2005 2004)
4(2004 2005 2029 2028)
4(2028 2029 2053 2052)
4(2052 2053 2076 2075)
4(2075 2076 2099 2098)
4(2098 2099 2122 2121)
4(2121 2122 2145 2144)
4(2144 2145 2168 2167)
4(2167 2168 2191 2190)
4(2190 2191 2214 2213)
4(2213 2214 2237 2236)
4(2236 2237 2260 2259)
4(2259 2260 2283 2282)
4(2282 2283 2306 2305)
4(2305 2306 2329 2328)
4(2328 2329 2352 2351)
4(2351 2352 2375 2374)
4(2374 2375 2398 2397)
4(413 414 1430 1429)
4(1429 1430 1454 1453)
4(1453 1454 1478 1477)
4(1477 1478 1502 1501)
4(1501 1502 1526 1525)
4(1525 1526 1550 1549)
4(1549 1550 1574 1573)
4(1573 1574 1598 1597)
4(1597 1598 1622 1621)
4(1621 1622 1646 1645)
4(1645 1646 1670 1669)
4(1669 1670 1694 1693)
4(1693 1694 1718 1717)
4(1717 1718 1742 1741)
4(1741 1742 1766 1765)
4(1765 1766 1790 1789)
4(1789 1790 1814 1813)
4(1813 1814 1838 1837)
4(1837 1838 1862 1861)
4(1861 1862 1886 1885)
4(1885 1886 1910 1909)
4(1909 1910 1934 1933)
4(1933 1934 1958 1957)
4(1957 1958 1982 1981)
4(1981 1982 2006 2005)
4(2005 2006 2030 2029)
4(2029 2030 2054 2053)
4(2053 2054 2077 2076)
4(2076 2077 2100 2099)
4(2099 2100 2123 2122)
4(2122 2123 2146 2145)
4(2145 2146 2169 2168)
4(2168 2169 2192 2191)
4(2191 2192 2215 2214)
4(2214 2215 2238 2237)
4(2237 2238 2261 2260)
4(2260 2261 2284 2283)
4(2283 2284 2307 2306)
4(2306 2307 2330 2329)
4(2329 2330 2353 2352)
4(2352 2353 2376 2375)
4(2375 2376 2399 2398)
4(414 415 1431 1430)
4(1430 1431 1455 1454)
4(1454 1455 1479 1478)
4(1478 1479 1503 1502)
4(1502 1503 1527 1526)
4(1526 1527 1551 1550)
4(1550 1551 1575 1574)
4(1574 1575 1599 1598)
4(1598 1599 1623 1622)
4(1622 1623 1647 1646)
4(1646 1647 1671 1670)
4(1670 1671 1695 1694)
4(1694 1695 1719 1718)
4(1718 1719 1743 1742)
4(1742 1743 1767 1766)
4(1766 1767 1791 1790)
4(1790 1791 1815 1814)
4(1814 1815 1839 1838)
4(1838 1839 1863 1862)
4(1862 1863 1887 1886)
4(1886 1887 1911 1910)
4(1910 1911 1935 1934)
4(1934 1935 1959 1958)
4(1958 1959 1983 1982)
4(1982 1983 2007 2006)
4(2006 2007 2031 2030)
4(2030 2031 2055 2054)
4(2054 2055 2078 2077)
4(2077 2078 2101 2100)
4(2100 2101 2124 2123)
4(2123 2124 2147 2146)
4(2146 2147 2170 2169)
4(2169 2170 2193 2192)
4(2192 2193 2216 2215)
4(2215 2216 2239 2238)
4(2238 2239 2262 2261)
4(2261 2262 2285 2284)
4(2284 2285 2308 2307)
4(2307 2308 2331 2330)
4(2330 2331 2354 2353)
4(2353 2354 2377 2376)
4(2376 2377 2400 2399)
4(415 416 1432 1431)
4(1431 1432 1456 1455)
4(1455 1456 1480 1479)
4(1479 1480 1504 1503)
4(1503 1504 1528 1527)
4(1527 1528 1552 1551)
4(1551 1552 1576 1575)
4(1575 1576 1600 1599)
4(1599 1600 1624 1623)
4(1623 1624 1648 1647)
4(1647 1648 1672 1671)
4(1671 1672 1696 1695)
4(1695 1696 1720 1719)
4(1719 1720 1744 1743)
4(1743 1744 1768 1767)
4(1767 1768 1792 1791)
4(1791 1792 1816 1815)
4(1815 1816 1840 1839)
4(1839 1840 1864 1863)
4(1863 1864 1888 1887)
4(1887 1888 1912 1911)
4(1911 1912 1936 1935)
4(1935 1936 1960 1959)
4(1959 1960 1984 1983)
4(1983 1984 2008 2007)
4(2007 2008 2032 2031)
4(2031 2032 2056 2055)
4(2055 2056 2079 2078)
4(2078 2079 2102 2101)
4(2101 2102 2125 2124)
4(2124 2125 2148 2147)
4(2147 2148 2171 2170)
4(2170 2171 2194 2193)
4(2193 2194 2217 2216)
4(2216 2217 2240 2239)
4(2239 2240 2263 2262)
4(2262 2263 2286 2285)
4(2285 2286 2309 2308)
4(2308 2309 2332 2331)
4(2331 2332 2355 2354)
4(2354 2355 2378 2377)
4(2377 2378 2401 2400)
4(416 417 1433 1432)
4(1432 1433 1457 1456)
4(1456 1457 1481 1480)
4(1480 1481 1505 1504)
4(1504 1505 1529 1528)
4(1528 1529 1553 1552)
4(1552 1553 1577 1576)
4(1576 1577 1601 1600)
4(1600 1601 1625 1624)
4(1624 1625 1649 1648)
4(1648 1649 1673 1672)
4(1672 1673 1697 1696)
4(1696 1697 1721 1720)
4(1720 1721 1745 1744)
4(1744 1745 1769 1768)
4(1768 1769 1793 1792)
4(1792 1793 1817 1816)
4(1816 1817 1841 1840)
4(1840 1841 1865 1864)
4(1864 1865 1889 1888)
4(1888 1889 1913 1912)
4(1912 1913 1937 1936)
4(1936 1937 1961 1960)
4(1960 1961 1985 1984)
4(1984 1985 2009 2008)
4(2008 2009 2033 2032)
4(2032 2033 2057 2056)
4(2056 2057 2080 2079)
4(2079 2080 2103 2102)
4(2102 2103 2126 2125)
4(2125 2126 2149 2148)
4(2148 2149 2172 2171)
4(2171 2172 2195 2194)
4(2194 2195 2218 2217)
4(2217 2218 2241 2240)
4(2240 2241 2264 2263)
4(2263 2264 2287 2286)
4(2286 2287 2310 2309)
4(2309 2310 2333 2332)
4(2332 2333 2356 2355)
4(2355 2356 2379 2378)
4(2378 2379 2402 2401)
4(417 418 1434 1433)
4(1433 1434 1458 1457)
4(1457 1458 1482 1481)
4(1481 1482 1506 1505)
4(1505 1506 1530 1529)
4(1529 1530 1554 1553)
4(1553 1554 1578 1577)
4(1577 1578 1602 1601)
4(1601 1602 1626 1625)
4(1625 1626 1650 1649)
4(1649 1650 1674 1673)
4(1673 1674 1698 1697)
4(1697 1698 1722 1721)
4(1721 1722 1746 1745)
4(1745 1746 1770 1769)
4(1769 1770 1794 1793)
4(1793 1794 1818 1817)
4(1817 1818 1842 1841)
4(1841 1842 1866 1865)
4(1865 1866 1890 1889)
4(1889 1890 1914 1913)
4(1913 1914 1938 1937)
4(1937 1938 1962 1961)
4(1961 1962 1986 1985)
4(1985 1986 2010 2009)
4(2009 2010 2034 2033)
4(2033 2034 2058 2057)
4(2057 2058 2081 2080)
4(2080 2081 2104 2103)
4(2103 2104 2127 2126)
4(2126 2127 2150 2149)
4(2149 2150 2173 2172)
4(2172 2173 2196 2195)
4(2195 2196 2219 2218)
4(2218 2219 2242 2241)
4(2241 2242 2265 2264)
4(2264 2265 2288 2287)
4(2287 2288 2311 2310)
4(2310 2311 2334 2333)
4(2333 2334 2357 2356)
4(2356 2357 2380 2379)
4(2379 2380 2403 2402)
4(418 419 1435 1434)
4(1434 1435 1459 1458)
4(1458 1459 1483 1482)
4(1482 1483 1507 1506)
4(1506 1507 1531 1530)
4(1530 1531 1555 1554)
4(1554 1555 1579 1578)
4(1578 1579 1603 1602)
4(1602 1603 1627 1626)
4(1626 1627 1651 1650)
4(1650 1651 1675 1674)
4(1674 1675 1699 1698)
4(1698 1699 1723 1722)
4(1722 1723 1747 1746)
4(1746 1747 1771 1770)
4(1770 1771 1795 1794)
4(1794 1795 1819 1818)
4(1818 1819 1843 1842)
4(1842 1843 1867 1866)
4(1866 1867 1891 1890)
4(1890 1891 1915 1914)
4(1914 1915 1939 1938)
4(1938 1939 1963 1962)
4(1962 1963 1987 1986)
4(1986 1987 2011 2010)
4(2010 2011 2035 2034)
4(2034 2035 2059 2058)
4(2058 2059 2082 2081)
4(2081 2082 2105 2104)
4(2104 2105 2128 2127)
4(2127 2128 2151 2150)
4(2150 2151 2174 2173)
4(2173 2174 2197 2196)
4(2196 2197 2220 2219)
4(2219 2220 2243 2242)
4(2242 2243 2266 2265)
4(2265 2266 2289 2288)
4(2288 2289 2312 2311)
4(2311 2312 2335 2334)
4(2334 2335 2358 2357)
4(2357 2358 2381 2380)
4(2380 2381 2404 2403)
4(419 420 1436 1435)
4(1435 1436 1460 1459)
4(1459 1460 1484 1483)
4(1483 1484 1508 1507)
4(1507 1508 1532 1531)
4(1531 1532 1556 1555)
4(1555 1556 1580 1579)
4(1579 1580 1604 1603)
4(1603 1604 1628 1627)
4(1627 1628 1652 1651)
4(1651 1652 1676 1675)
4(1675 1676 1700 1699)
4(1699 1700 1724 1723)
4(1723 1724 1748 1747)
4(1747 1748 1772 1771)
4(1771 1772 1796 1795)
4(1795 1796 1820 1819)
4(1819 1820 1844 1843)
4(1843 1844 1868 1867)
4(1867 1868 1892 1891)
4(1891 1892 1916 1915)
4(1915 1916 1940 1939)
4(1939 1940 1964 1963)
4(1963 1964 1988 1987)
4(1987 1988 2012 2011)
4(2011 2012 2036 2035)
4(2035 2036 2060 2059)
4(2059 2060 2083 2082)
4(2082 2083 2106 2105)
4(2105 2106 2129 2128)
4(2128 2129 2152 2151)
4(2151 2152 2175 2174)
4(2174 2175 2198 2197)
4(2197 2198 2221 2220)
4(2220 2221 2244 2243)
4(2243 2244 2267 2266)
4(2266 2267 2290 2289)
4(2289 2290 2313 2312)
4(2312 2313 2336 2335)
4(2335 2336 2359 2358)
4(2358 2359 2382 2381)
4(2381 2382 2405 2404)
4(420 421 1437 1436)
4(1436 1437 1461 1460)
4(1460 1461 1485 1484)
4(1484 1485 1509 1508)
4(1508 1509 1533 1532)
4(1532 1533 1557 1556)
4(1556 1557 1581 1580)
4(1580 1581 1605 1604)
4(1604 1605 1629 1628)
4(1628 1629 1653 1652)
4(1652 1653 1677 1676)
4(1676 1677 1701 1700)
4(1700 1701 1725 1724)
4(1724 1725 1749 1748)
4(1748 1749 1773 1772)
4(1772 1773 1797 1796)
4(1796 1797 1821 1820)
4(1820 1821 1845 1844)
4(1844 1845 1869 1868)
4(1868 1869 1893 1892)
4(1892 1893 1917 1916)
4(1916 1917 1941 1940)
4(1940 1941 1965 1964)
4(1964 1965 1989 1988)
4(1988 1989 2013 2012)
4(2012 2013 2037 2036)
4(2036 2037 2061 2060)
4(2060 2061 2084 2083)
4(2083 2084 2107 2106)
4(2106 2107 2130 2129)
4(2129 2130 2153 2152)
4(2152 2153 2176 2175)
4(2175 2176 2199 2198)
4(2198 2199 2222 2221)
4(2221 2222 2245 2244)
4(2244 2245 2268 2267)
4(2267 2268 2291 2290)
4(2290 2291 2314 2313)
4(2313 2314 2337 2336)
4(2336 2337 2360 2359)
4(2359 2360 2383 2382)
4(2382 2383 2406 2405)
4(421 422 1438 1437)
4(1437 1438 1462 1461)
4(1461 1462 1486 1485)
4(1485 1486 1510 1509)
4(1509 1510 1534 1533)
4(1533 1534 1558 1557)
4(1557 1558 1582 1581)
4(1581 1582 1606 1605)
4(1605 1606 1630 1629)
4(1629 1630 1654 1653)
4(1653 1654 1678 1677)
4(1677 1678 1702 1701)
4(1701 1702 1726 1725)
4(1725 1726 1750 1749)
4(1749 1750 1774 1773)
4(1773 1774 1798 1797)
4(1797 1798 1822 1821)
4(1821 1822 1846 1845)
4(1845 1846 1870 1869)
4(1869 1870 1894 1893)
4(1893 1894 1918 1917)
4(1917 1918 1942 1941)
4(1941 1942 1966 1965)
4(1965 1966 1990 1989)
4(1989 1990 2014 2013)
4(2013 2014 2038 2037)
4(2037 2038 2062 2061)
4(2061 2062 2085 2084)
4(2084 2085 2108 2107)
4(2107 2108 2131 2130)
4(2130 2131 2154 2153)
4(2153 2154 2177 2176)
4(2176 2177 2200 2199)
4(2199 2200 2223 2222)
4(2222 2223 2246 2245)
4(2245 2246 2269 2268)
4(2268 2269 2292 2291)
4(2291 2292 2315 2314)
4(2314 2315 2338 2337)
4(2337 2338 2361 2360)
4(2360 2361 2384 2383)
4(2383 2384 2407 2406)
4(422 423 1439 1438)
4(1438 1439 1463 1462)
4(1462 1463 1487 1486)
4(1486 1487 1511 1510)
4(1510 1511 1535 1534)
4(1534 1535 1559 1558)
4(1558 1559 1583 1582)
4(1582 1583 1607 1606)
4(1606 1607 1631 1630)
4(1630 1631 1655 1654)
4(1654 1655 1679 1678)
4(1678 1679 1703 1702)
4(1702 1703 1727 1726)
4(1726 1727 1751 1750)
4(1750 1751 1775 1774)
4(1774 1775 1799 1798)
4(1798 1799 1823 1822)
4(1822 1823 1847 1846)
4(1846 1847 1871 1870)
4(1870 1871 1895 1894)
4(1894 1895 1919 1918)
4(1918 1919 1943 1942)
4(1942 1943 1967 1966)
4(1966 1967 1991 1990)
4(1990 1991 2015 2014)
4(2014 2015 2039 2038)
4(2038 2039 2063 2062)
4(2062 2063 2086 2085)
4(2085 2086 2109 2108)
4(2108 2109 2132 2131)
4(2131 2132 2155 2154)
4(2154 2155 2178 2177)
4(2177 2178 2201 2200)
4(2200 2201 2224 2223)
4(2223 2224 2247 2246)
4(2246 2247 2270 2269)
4(2269 2270 2293 2292)
4(2292 2293 2316 2315)
4(2315 2316 2339 2338)
4(2338 2339 2362 2361)
4(2361 2362 2385 2384)
4(2384 2385 2408 2407)
4(423 424 1440 1439)
4(1439 1440 1464 1463)
4(1463 1464 1488 1487)
4(1487 1488 1512 1511)
4(1511 1512 1536 1535)
4(1535 1536 1560 1559)
4(1559 1560 1584 1583)
4(1583 1584 1608 1607)
4(1607 1608 1632 1631)
4(1631 1632 1656 1655)
4(1655 1656 1680 1679)
4(1679 1680 1704 1703)
4(1703 1704 1728 1727)
4(1727 1728 1752 1751)
4(1751 1752 1776 1775)
4(1775 1776 1800 1799)
4(1799 1800 1824 1823)
4(1823 1824 1848 1847)
4(1847 1848 1872 1871)
4(1871 1872 1896 1895)
4(1895 1896 1920 1919)
4(1919 1920 1944 1943)
4(1943 1944 1968 1967)
4(1967 1968 1992 1991)
4(1991 1992 2016 2015)
4(2015 2016 2040 2039)
4(2039 2040 2064 2063)
4(2063 2064 2087 2086)
4(2086 2087 2110 2109)
4(2109 2110 2133 2132)
4(2132 2133 2156 2155)
4(2155 2156 2179 2178)
4(2178 2179 2202 2201)
4(2201 2202 2225 2224)
4(2224 2225 2248 2247)
4(2247 2248 2271 2270)
4(2270 2271 2294 2293)
4(2293 2294 2317 2316)
4(2316 2317 2340 2339)
4(2339 2340 2363 2362)
4(2362 2363 2386 2385)
4(2385 2386 2409 2408)
4(424 425 1441 1440)
4(1440 1441 1465 1464)
4(1464 1465 1489 1488)
4(1488 1489 1513 1512)
4(1512 1513 1537 1536)
4(1536 1537 1561 1560)
4(1560 1561 1585 1584)
4(1584 1585 1609 1608)
4(1608 1609 1633 1632)
4(1632 1633 1657 1656)
4(1656 1657 1681 1680)
4(1680 1681 1705 1704)
4(1704 1705 1729 1728)
4(1728 1729 1753 1752)
4(1752 1753 1777 1776)
4(1776 1777 1801 1800)
4(1800 1801 1825 1824)
4(1824 1825 1849 1848)
4(1848 1849 1873 1872)
4(1872 1873 1897 1896)
4(1896 1897 1921 1920)
4(1920 1921 1945 1944)
4(1944 1945 1969 1968)
4(1968 1969 1993 1992)
4(1992 1993 2017 2016)
4(2016 2017 2041 2040)
4(2040 2041 2065 2064)
4(2064 2065 2088 2087)
4(2087 2088 2111 2110)
4(2110 2111 2134 2133)
4(2133 2134 2157 2156)
4(2156 2157 2180 2179)
4(2179 2180 2203 2202)
4(2202 2203 2226 2225)
4(2225 2226 2249 2248)
4(2248 2249 2272 2271)
4(2271 2272 2295 2294)
4(2294 2295 2318 2317)
4(2317 2318 2341 2340)
4(2340 2341 2364 2363)
4(2363 2364 2387 2386)
4(2386 2387 2410 2409)
4(425 426 1442 1441)
4(1441 1442 1466 1465)
4(1465 1466 1490 1489)
4(1489 1490 1514 1513)
4(1513 1514 1538 1537)
4(1537 1538 1562 1561)
4(1561 1562 1586 1585)
4(1585 1586 1610 1609)
4(1609 1610 1634 1633)
4(1633 1634 1658 1657)
4(1657 1658 1682 1681)
4(1681 1682 1706 1705)
4(1705 1706 1730 1729)
4(1729 1730 1754 1753)
4(1753 1754 1778 1777)
4(1777 1778 1802 1801)
4(1801 1802 1826 1825)
4(1825 1826 1850 1849)
4(1849 1850 1874 1873)
4(1873 1874 1898 1897)
4(1897 1898 1922 1921)
4(1921 1922 1946 1945)
4(1945 1946 1970 1969)
4(1969 1970 1994 1993)
4(1993 1994 2018 2017)
4(2017 2018 2042 2041)
4(2041 2042 2066 2065)
4(2065 2066 2089 2088)
4(2088 2089 2112 2111)
4(2111 2112 2135 2134)
4(2134 2135 2158 2157)
4(2157 2158 2181 2180)
4(2180 2181 2204 2203)
4(2203 2204 2227 2226)
4(2226 2227 2250 2249)
4(2249 2250 2273 2272)
4(2272 2273 2296 2295)
4(2295 2296 2319 2318)
4(2318 2319 2342 2341)
4(2341 2342 2365 2364)
4(2364 2365 2388 2387)
4(2387 2388 2411 2410)
4(426 427 1443 1442)
4(1442 1443 1467 1466)
4(1466 1467 1491 1490)
4(1490 1491 1515 1514)
4(1514 1515 1539 1538)
4(1538 1539 1563 1562)
4(1562 1563 1587 1586)
4(1586 1587 1611 1610)
4(1610 1611 1635 1634)
4(1634 1635 1659 1658)
4(1658 1659 1683 1682)
4(1682 1683 1707 1706)
4(1706 1707 1731 1730)
4(1730 1731 1755 1754)
4(1754 1755 1779 1778)
4(1778 1779 1803 1802)
4(1802 1803 1827 1826)
4(1826 1827 1851 1850)
4(1850 1851 1875 1874)
4(1874 1875 1899 1898)
4(1898 1899 1923 1922)
4(1922 1923 1947 1946)
4(1946 1947 1971 1970)
4(1970 1971 1995 1994)
4(1994 1995 2019 2018)
4(2018 2019 2043 2042)
4(2042 2043 2067 2066)
4(2066 2067 2090 2089)
4(2089 2090 2113 2112)
4(2112 2113 2136 2135)
4(2135 2136 2159 2158)
4(2158 2159 2182 2181)
4(2181 2182 2205 2204)
4(2204 2205 2228 2227)
4(2227 2228 2251 2250)
4(2250 2251 2274 2273)
4(2273 2274 2297 2296)
4(2296 2297 2320 2319)
4(2319 2320 2343 2342)
4(2342 2343 2366 2365)
4(2365 2366 2389 2388)
4(2388 2389 2412 2411)
4(427 428 1444 1443)
4(1443 1444 1468 1467)
4(1467 1468 1492 1491)
4(1491 1492 1516 1515)
4(1515 1516 1540 1539)
4(1539 1540 1564 1563)
4(1563 1564 1588 1587)
4(1587 1588 1612 1611)
4(1611 1612 1636 1635)
4(1635 1636 1660 1659)
4(1659 1660 1684 1683)
4(1683 1684 1708 1707)
4(1707 1708 1732 1731)
4(1731 1732 1756 1755)
4(1755 1756 1780 1779)
4(1779 1780 1804 1803)
4(1803 1804 1828 1827)
4(1827 1828 1852 1851)
4(1851 1852 1876 1875)
4(1875 1876 1900 1899)
4(1899 1900 1924 1923)
4(1923 1924 1948 1947)
4(1947 1948 1972 1971)
4(1971 1972 1996 1995)
4(1995 1996 2020 2019)
4(2019 2020 2044 2043)
4(2043 2044 2068 2067)
4(2067 2068 2091 2090)
4(2090 2091 2114 2113)
4(2113 2114 2137 2136)
4(2136 2137 2160 2159)
4(2159 2160 2183 2182)
4(2182 2183 2206 2205)
4(2205 2206 2229 2228)
4(2228 2229 2252 2251)
4(2251 2252 2275 2274)
4(2274 2275 2298 2297)
4(2297 2298 2321 2320)
4(2320 2321 2344 2343)
4(2343 2344 2367 2366)
4(2366 2367 2390 2389)
4(2389 2390 2413 2412)
4(428 429 1445 1444)
4(1444 1445 1469 1468)
4(1468 1469 1493 1492)
4(1492 1493 1517 1516)
4(1516 1517 1541 1540)
4(1540 1541 1565 1564)
4(1564 1565 1589 1588)
4(1588 1589 1613 1612)
4(1612 1613 1637 1636)
4(1636 1637 1661 1660)
4(1660 1661 1685 1684)
4(1684 1685 1709 1708)
4(1708 1709 1733 1732)
4(1732 1733 1757 1756)
4(1756 1757 1781 1780)
4(1780 1781 1805 1804)
4(1804 1805 1829 1828)
4(1828 1829 1853 1852)
4(1852 1853 1877 1876)
4(1876 1877 1901 1900)
4(1900 1901 1925 1924)
4(1924 1925 1949 1948)
4(1948 1949 1973 1972)
4(1972 1973 1997 1996)
4(1996 1997 2021 2020)
4(2020 2021 2045 2044)
4(2044 2045 2069 2068)
4(2068 2069 2092 2091)
4(2091 2092 2115 2114)
4(2114 2115 2138 2137)
4(2137 2138 2161 2160)
4(2160 2161 2184 2183)
4(2183 2184 2207 2206)
4(2206 2207 2230 2229)
4(2229 2230 2253 2252)
4(2252 2253 2276 2275)
4(2275 2276 2299 2298)
4(2298 2299 2322 2321)
4(2321 2322 2345 2344)
4(2344 2345 2368 2367)
4(2367 2368 2391 2390)
4(2390 2391 2414 2413)
4(429 430 1446 1445)
4(1445 1446 1470 1469)
4(1469 1470 1494 1493)
4(1493 1494 1518 1517)
4(1517 1518 1542 1541)
4(1541 1542 1566 1565)
4(1565 1566 1590 1589)
4(1589 1590 1614 1613)
4(1613 1614 1638 1637)
4(1637 1638 1662 1661)
4(1661 1662 1686 1685)
4(1685 1686 1710 1709)
4(1709 1710 1734 1733)
4(1733 1734 1758 1757)
4(1757 1758 1782 1781)
4(1781 1782 1806 1805)
4(1805 1806 1830 1829)
4(1829 1830 1854 1853)
4(1853 1854 1878 1877)
4(1877 1878 1902 1901)
4(1901 1902 1926 1925)
4(1925 1926 1950 1949)
4(1949 1950 1974 1973)
4(1973 1974 1998 1997)
4(1997 1998 2022 2021)
4(2021 2022 2046 2045)
4(2045 2046 2070 2069)
4(2069 2070 2093 2092)
4(2092 2093 2116 2115)
4(2115 2116 2139 2138)
4(2138 2139 2162 2161)
4(2161 2162 2185 2184)
4(2184 2185 2208 2207)
4(2207 2208 2231 2230)
4(2230 2231 2254 2253)
4(2253 2254 2277 2276)
4(2276 2277 2300 2299)
4(2299 2300 2323 2322)
4(2322 2323 2346 2345)
4(2345 2346 2369 2368)
4(2368 2369 2392 2391)
4(2391 2392 2415 2414)
4(430 431 1447 1446)
4(1446 1447 1471 1470)
4(1470 1471 1495 1494)
4(1494 1495 1519 1518)
4(1518 1519 1543 1542)
4(1542 1543 1567 1566)
4(1566 1567 1591 1590)
4(1590 1591 1615 1614)
4(1614 1615 1639 1638)
4(1638 1639 1663 1662)
4(1662 1663 1687 1686)
4(1686 1687 1711 1710)
4(1710 1711 1735 1734)
4(1734 1735 1759 1758)
4(1758 1759 1783 1782)
4(1782 1783 1807 1806)
4(1806 1807 1831 1830)
4(1830 1831 1855 1854)
4(1854 1855 1879 1878)
4(1878 1879 1903 1902)
4(1902 1903 1927 1926)
4(1926 1927 1951 1950)
4(1950 1951 1975 1974)
4(1974 1975 1999 1998)
4(1998 1999 2023 2022)
4(2022 2023 2047 2046)
4(215 455 1447 431)
4(455 479 1471 1447)
4(479 503 1495 1471)
4(503 527 1519 1495)
4(527 551 1543 1519)
4(551 575 1567 1543)
4(575 599 1591 1567)
4(599 623 1615 1591)
4(623 647 1639 1615)
4(647 671 1663 1639)
4(671 695 1687 1663)
4(695 719 1711 1687)
4(719 743 1735 1711)
4(743 767 1759 1735)
4(767 791 1783 1759)
4(791 815 1807 1783)
4(815 839 1831 1807)
4(839 863 1855 1831)
4(863 887 1879 1855)
4(887 911 1903 1879)
4(911 935 1927 1903)
4(935 959 1951 1927)
4(959 983 1975 1951)
4(983 1007 1999 1975)
4(1007 1031 2023 1999)
4(1054 2046 2047 1055)
4(1031 1055 2047 2023)
4(1054 1078 2070 2046)
4(1078 1101 2093 2070)
4(1101 1124 2116 2093)
4(1124 1147 2139 2116)
4(1147 1170 2162 2139)
4(1170 1193 2185 2162)
4(1193 1216 2208 2185)
4(1216 1239 2231 2208)
4(1239 1262 2254 2231)
4(1262 1285 2277 2254)
4(1285 1308 2300 2277)
4(1308 1331 2323 2300)
4(1331 1354 2346 2323)
4(1354 1377 2369 2346)
4(1377 1400 2392 2369)
4(1400 1423 2415 2392)
)


// ************************************************************************* //
