/*--------------------------------*- C++ -*----------------------------------*\
| =========                 |                                                 |
| \\      /  F ield         | OpenFOAM: The Open Source CFD Toolbox           |
|  \\    /   O peration     | Version:  2506                                  |
|   \\  /    A nd           | Website:  www.openfoam.com                      |
|    \\/     M anipulation  |                                                 |
\*---------------------------------------------------------------------------*/
FoamFile
{
    version     2.0;
    format      ascii;
    arch        "LSB;label=32;scalar=64";
    note        "nPoints:2416  nCells:1134  nFaces:4609  nInternalFaces:2195";
    class       labelList;
    location    "constant/polyMesh";
    object      neighbour;
}
// * * * * * * * * * * * * * * * * * * * * * * * * * * * * * * * * * * * * * //


2195
(
1
23
2
24
3
25
4
26
5
27
6
28
7
29
8
30
9
31
10
32
11
33
12
34
13
35
14
36
15
37
16
38
17
39
18
40
19
41
20
42
21
43
22
44
45
24
46
25
47
26
48
27
49
28
50
29
51
30
52
31
53
32
54
33
55
34
56
35
57
36
58
37
59
38
60
39
61
40
62
41
63
42
64
43
65
44
66
45
67
68
47
69
48
70
49
71
50
72
51
73
52
74
53
75
54
76
55
77
56
78
57
79
58
80
59
81
60
82
61
83
62
84
63
85
64
86
65
87
66
88
67
89
68
90
91
70
92
71
93
72
94
73
95
74
96
75
97
76
98
77
99
78
100
79
101
80
102
81
103
82
104
83
105
84
106
85
107
86
108
87
109
88
110
89
111
90
112
91
113
114
93
115
94
116
95
117
96
118
97
119
98
120
99
121
100
122
101
123
102
124
103
125
104
126
105
127
106
128
107
129
108
130
109
131
110
132
111
133
112
134
113
135
114
136
137
116
138
117
139
118
140
119
141
120
142
121
143
122
144
123
145
124
146
125
147
126
148
127
149
128
150
129
151
130
152
131
153
132
154
133
155
134
156
135
157
136
158
137
159
160
139
161
140
162
141
163
142
164
143
165
144
166
145
167
146
168
147
169
148
170
149
171
150
172
151
173
152
174
153
175
154
176
155
177
156
178
157
179
158
180
159
181
160
182
183
162
184
163
185
164
186
165
187
166
188
167
189
168
190
169
191
170
192
171
193
172
194
173
195
174
196
175
197
176
198
177
199
178
200
179
201
180
202
181
203
182
204
183
205
206
185
207
186
208
187
209
188
210
189
211
190
212
191
213
192
214
193
215
194
216
195
217
196
218
197
219
198
220
199
221
200
222
201
223
202
224
203
225
204
226
205
227
206
228
229
208
230
209
231
210
232
211
233
212
234
213
235
214
236
215
237
216
238
217
239
218
240
219
241
220
242
221
243
222
244
223
245
224
246
225
247
226
248
227
249
228
250
229
251
252
231
253
232
254
233
255
234
256
235
257
236
258
237
259
238
260
239
261
240
262
241
263
242
264
243
265
244
266
245
267
246
268
247
269
248
270
249
271
250
272
251
273
252
274
275
254
276
255
277
256
278
257
279
258
280
259
281
260
282
261
283
262
284
263
285
264
286
265
287
266
288
267
289
268
290
269
291
270
292
271
293
272
294
273
295
274
296
275
297
298
277
299
278
300
279
301
280
302
281
303
282
304
283
305
284
306
285
307
286
308
287
309
288
310
289
311
290
312
291
313
292
314
293
315
294
316
295
317
296
318
297
319
298
320
321
300
322
301
323
302
324
303
325
304
326
305
327
306
328
307
329
308
330
309
331
310
332
311
333
312
334
313
335
314
336
315
337
316
338
317
339
318
340
319
341
320
342
321
343
344
323
345
324
346
325
347
326
348
327
349
328
350
329
351
330
352
331
353
332
354
333
355
334
356
335
357
336
358
337
359
338
360
339
361
340
362
341
363
342
364
343
365
344
366
367
346
368
347
369
348
370
349
371
350
372
351
373
352
374
353
375
354
376
355
377
356
378
357
379
358
380
359
381
360
382
361
383
362
384
363
385
364
386
365
387
366
388
367
389
390
369
391
370
392
371
393
372
394
373
395
374
396
375
397
376
398
377
399
378
400
379
401
380
402
381
403
382
404
383
405
384
406
385
407
386
408
387
409
388
410
389
411
390
412
413
392
414
393
415
394
416
395
417
396
418
397
419
398
420
399
421
400
422
401
423
402
424
403
425
404
426
405
427
406
428
407
429
408
430
409
431
410
432
411
433
412
434
413
435
436
415
437
416
438
417
439
418
440
419
441
420
442
421
443
422
444
423
445
424
446
425
447
426
448
427
449
428
450
429
451
430
452
431
453
432
454
433
455
434
456
435
457
436
458
459
438
460
439
461
440
462
441
463
442
464
443
465
444
466
445
467
446
468
447
469
448
470
449
471
450
472
451
473
452
474
453
475
454
476
455
477
456
478
457
479
458
480
459
481
482
461
483
462
484
463
485
464
486
465
487
466
488
467
489
468
490
469
491
470
492
471
493
472
494
473
495
474
496
475
497
476
498
477
499
478
500
479
501
480
502
481
503
482
504
505
484
506
485
507
486
508
487
509
488
510
489
511
490
512
491
513
492
514
493
515
494
516
495
517
496
518
497
519
498
520
499
521
500
522
501
523
502
524
503
525
504
526
505
527
528
507
529
508
530
509
531
510
532
511
533
512
534
513
535
514
536
515
537
516
538
517
539
518
540
519
541
520
542
521
543
522
544
523
545
524
546
525
547
526
548
527
549
528
550
551
530
552
531
553
532
554
533
555
534
556
535
557
536
558
537
559
538
560
539
561
540
562
541
563
542
564
543
565
544
566
545
567
546
568
547
569
548
570
549
571
550
572
551
573
574
553
575
554
576
555
577
556
578
557
579
558
580
559
581
560
582
561
583
562
584
563
585
564
586
565
587
566
588
567
589
568
590
569
591
570
592
571
593
572
594
573
595
574
596
597
576
598
577
599
578
600
579
601
580
602
581
603
582
604
583
605
584
606
585
607
586
608
587
609
588
610
589
611
590
612
591
613
592
614
593
615
594
616
595
617
596
618
597
619
620
599
621
600
622
601
623
602
624
603
625
604
626
605
627
606
628
607
629
608
630
609
631
610
632
611
633
612
634
613
635
614
636
615
637
616
638
617
639
618
640
619
641
620
642
643
622
644
623
645
624
646
625
647
626
648
627
649
628
650
629
651
630
652
631
653
632
654
633
655
634
656
635
657
636
658
637
659
638
660
639
661
640
662
641
663
642
664
643
665
666
645
667
646
668
647
669
648
670
649
671
650
672
651
673
652
674
653
675
654
676
655
677
656
678
657
679
658
680
659
681
660
682
661
683
662
684
663
685
664
686
665
687
666
688
689
668
690
669
691
670
692
671
693
672
694
673
695
674
696
675
697
676
698
677
699
678
700
679
701
680
702
681
703
682
704
683
705
684
706
685
707
686
708
687
709
688
710
689
711
712
691
713
692
714
693
715
694
716
695
717
696
718
697
719
698
720
699
721
700
722
701
723
702
724
703
725
704
726
705
727
706
728
707
729
708
730
709
731
710
732
711
733
712
734
735
714
736
715
737
716
738
717
739
718
740
719
741
720
742
721
743
722
744
723
745
724
746
725
747
726
748
727
749
728
750
729
751
730
752
731
753
732
754
733
755
734
756
735
757
758
737
759
738
760
739
761
740
762
741
763
742
764
743
765
744
766
745
767
746
768
747
769
748
770
749
771
750
772
751
773
752
774
753
775
754
776
755
777
756
778
757
779
758
780
781
760
782
761
783
762
784
763
785
764
786
765
787
766
788
767
789
768
790
769
791
770
792
771
793
772
794
773
795
774
796
775
797
776
798
777
799
778
800
779
801
780
802
781
803
783
804
784
805
785
806
786
807
787
808
788
809
789
810
790
811
791
812
792
813
793
814
794
815
795
816
796
817
797
818
798
819
799
820
800
821
801
822
802
823
803
824
825
805
826
806
827
807
828
808
829
809
830
810
831
811
832
812
833
813
834
814
835
815
836
816
837
817
838
818
839
819
840
820
841
821
842
822
843
823
844
824
845
825
846
847
827
848
828
849
829
850
830
851
831
852
832
853
833
854
834
855
835
856
836
857
837
858
838
859
839
860
840
861
841
862
842
863
843
864
844
865
845
866
846
867
847
868
869
849
870
850
871
851
872
852
873
853
874
854
875
855
876
856
877
857
878
858
879
859
880
860
881
861
882
862
883
863
884
864
885
865
886
866
887
867
888
868
889
869
890
891
871
892
872
893
873
894
874
895
875
896
876
897
877
898
878
899
879
900
880
901
881
902
882
903
883
904
884
905
885
906
886
907
887
908
888
909
889
910
890
911
891
912
913
893
914
894
915
895
916
896
917
897
918
898
919
899
920
900
921
901
922
902
923
903
924
904
925
905
926
906
927
907
928
908
929
909
930
910
931
911
932
912
933
913
934
935
915
936
916
937
917
938
918
939
919
940
920
941
921
942
922
943
923
944
924
945
925
946
926
947
927
948
928
949
929
950
930
951
931
952
932
953
933
954
934
955
935
956
957
937
958
938
959
939
960
940
961
941
962
942
963
943
964
944
965
945
966
946
967
947
968
948
969
949
970
950
971
951
972
952
973
953
974
954
975
955
976
956
977
957
978
979
959
980
960
981
961
982
962
983
963
984
964
985
965
986
966
987
967
988
968
989
969
990
970
991
971
992
972
993
973
994
974
995
975
996
976
997
977
998
978
999
979
1000
1001
981
1002
982
1003
983
1004
984
1005
985
1006
986
1007
987
1008
988
1009
989
1010
990
1011
991
1012
992
1013
993
1014
994
1015
995
1016
996
1017
997
1018
998
1019
999
1020
1000
1021
1001
1022
1023
1003
1024
1004
1025
1005
1026
1006
1027
1007
1028
1008
1029
1009
1030
1010
1031
1011
1032
1012
1033
1013
1034
1014
1035
1015
1036
1016
1037
1017
1038
1018
1039
1019
1040
1020
1041
1021
1042
1022
1043
1023
1044
1045
1025
1046
1026
1047
1027
1048
1028
1049
1029
1050
1030
1051
1031
1052
1032
1053
1033
1054
1034
1055
1035
1056
1036
1057
1037
1058
1038
1059
1039
1060
1040
1061
1041
1062
1042
1063
1043
1064
1044
1065
1045
1066
1067
1047
1068
1048
1069
1049
1070
1050
1071
1051
1072
1052
1073
1053
1074
1054
1075
1055
1076
1056
1077
1057
1078
1058
1079
1059
1080
1060
1081
1061
1082
1062
1083
1063
1084
1064
1085
1065
1086
1066
1087
1067
1088
1089
1069
1090
1070
1091
1071
1092
1072
1093
1073
1094
1074
1095
1075
1096
1076
1097
1077
1098
1078
1099
1079
1100
1080
1101
1081
1102
1082
1103
1083
1104
1084
1105
1085
1106
1086
1107
1087
1108
1088
1109
1089
1110
1111
1091
1112
1092
1113
1093
1114
1094
1115
1095
1116
1096
1117
1097
1118
1098
1119
1099
1120
1100
1121
1101
1122
1102
1123
1103
1124
1104
1125
1105
1126
1106
1127
1107
1128
1108
1129
1109
1130
1110
1131
1111
1132
1133
1113
1114
1115
1116
1117
1118
1119
1120
1121
1122
1123
1124
1125
1126
1127
1128
1129
1130
1131
1132
1133
)


// ************************************************************************* //
