/*--------------------------------*- C++ -*----------------------------------*\
| =========                 |                                                 |
| \\      /  F ield         | OpenFOAM: The Open Source CFD Toolbox           |
|  \\    /   O peration     | Version:  2506                                  |
|   \\  /    A nd           | Website:  www.openfoam.com                      |
|    \\/     M anipulation  |                                                 |
\*---------------------------------------------------------------------------*/
FoamFile
{
    version     2.0;
    format      ascii;
    arch        "LSB;label=32;scalar=64";
    note        "nPoints:2416  nCells:1134  nFaces:4609  nInternalFaces:2195";
    class       labelList;
    location    "constant/polyMesh";
    object      owner;
}
// * * * * * * * * * * * * * * * * * * * * * * * * * * * * * * * * * * * * * //


4609
(
0
0
1
1
2
2
3
3
4
4
5
5
6
6
7
7
8
8
9
9
10
10
11
11
12
12
13
13
14
14
15
15
16
16
17
17
18
18
19
19
20
20
21
21
22
23
23
24
24
25
25
26
26
27
27
28
28
29
29
30
30
31
31
32
32
33
33
34
34
35
35
36
36
37
37
38
38
39
39
40
40
41
41
42
42
43
43
44
44
45
46
46
47
47
48
48
49
49
50
50
51
51
52
52
53
53
54
54
55
55
56
56
57
57
58
58
59
59
60
60
61
61
62
62
63
63
64
64
65
65
66
66
67
67
68
69
69
70
70
71
71
72
72
73
73
74
74
75
75
76
76
77
77
78
78
79
79
80
80
81
81
82
82
83
83
84
84
85
85
86
86
87
87
88
88
89
89
90
90
91
92
92
93
93
94
94
95
95
96
96
97
97
98
98
99
99
100
100
101
101
102
102
103
103
104
104
105
105
106
106
107
107
108
108
109
109
110
110
111
111
112
112
113
113
114
115
115
116
116
117
117
118
118
119
119
120
120
121
121
122
122
123
123
124
124
125
125
126
126
127
127
128
128
129
129
130
130
131
131
132
132
133
133
134
134
135
135
136
136
137
138
138
139
139
140
140
141
141
142
142
143
143
144
144
145
145
146
146
147
147
148
148
149
149
150
150
151
151
152
152
153
153
154
154
155
155
156
156
157
157
158
158
159
159
160
161
161
162
162
163
163
164
164
165
165
166
166
167
167
168
168
169
169
170
170
171
171
172
172
173
173
174
174
175
175
176
176
177
177
178
178
179
179
180
180
181
181
182
182
183
184
184
185
185
186
186
187
187
188
188
189
189
190
190
191
191
192
192
193
193
194
194
195
195
196
196
197
197
198
198
199
199
200
200
201
201
202
202
203
203
204
204
205
205
206
207
207
208
208
209
209
210
210
211
211
212
212
213
213
214
214
215
215
216
216
217
217
218
218
219
219
220
220
221
221
222
222
223
223
224
224
225
225
226
226
227
227
228
228
229
230
230
231
231
232
232
233
233
234
234
235
235
236
236
237
237
238
238
239
239
240
240
241
241
242
242
243
243
244
244
245
245
246
246
247
247
248
248
249
249
250
250
251
251
252
253
253
254
254
255
255
256
256
257
257
258
258
259
259
260
260
261
261
262
262
263
263
264
264
265
265
266
266
267
267
268
268
269
269
270
270
271
271
272
272
273
273
274
274
275
276
276
277
277
278
278
279
279
280
280
281
281
282
282
283
283
284
284
285
285
286
286
287
287
288
288
289
289
290
290
291
291
292
292
293
293
294
294
295
295
296
296
297
297
298
299
299
300
300
301
301
302
302
303
303
304
304
305
305
306
306
307
307
308
308
309
309
310
310
311
311
312
312
313
313
314
314
315
315
316
316
317
317
318
318
319
319
320
320
321
322
322
323
323
324
324
325
325
326
326
327
327
328
328
329
329
330
330
331
331
332
332
333
333
334
334
335
335
336
336
337
337
338
338
339
339
340
340
341
341
342
342
343
343
344
345
345
346
346
347
347
348
348
349
349
350
350
351
351
352
352
353
353
354
354
355
355
356
356
357
357
358
358
359
359
360
360
361
361
362
362
363
363
364
364
365
365
366
366
367
368
368
369
369
370
370
371
371
372
372
373
373
374
374
375
375
376
376
377
377
378
378
379
379
380
380
381
381
382
382
383
383
384
384
385
385
386
386
387
387
388
388
389
389
390
391
391
392
392
393
393
394
394
395
395
396
396
397
397
398
398
399
399
400
400
401
401
402
402
403
403
404
404
405
405
406
406
407
407
408
408
409
409
410
410
411
411
412
412
413
414
414
415
415
416
416
417
417
418
418
419
419
420
420
421
421
422
422
423
423
424
424
425
425
426
426
427
427
428
428
429
429
430
430
431
431
432
432
433
433
434
434
435
435
436
437
437
438
438
439
439
440
440
441
441
442
442
443
443
444
444
445
445
446
446
447
447
448
448
449
449
450
450
451
451
452
452
453
453
454
454
455
455
456
456
457
457
458
458
459
460
460
461
461
462
462
463
463
464
464
465
465
466
466
467
467
468
468
469
469
470
470
471
471
472
472
473
473
474
474
475
475
476
476
477
477
478
478
479
479
480
480
481
481
482
483
483
484
484
485
485
486
486
487
487
488
488
489
489
490
490
491
491
492
492
493
493
494
494
495
495
496
496
497
497
498
498
499
499
500
500
501
501
502
502
503
503
504
504
505
506
506
507
507
508
508
509
509
510
510
511
511
512
512
513
513
514
514
515
515
516
516
517
517
518
518
519
519
520
520
521
521
522
522
523
523
524
524
525
525
526
526
527
527
528
529
529
530
530
531
531
532
532
533
533
534
534
535
535
536
536
537
537
538
538
539
539
540
540
541
541
542
542
543
543
544
544
545
545
546
546
547
547
548
548
549
549
550
550
551
552
552
553
553
554
554
555
555
556
556
557
557
558
558
559
559
560
560
561
561
562
562
563
563
564
564
565
565
566
566
567
567
568
568
569
569
570
570
571
571
572
572
573
573
574
575
575
576
576
577
577
578
578
579
579
580
580
581
581
582
582
583
583
584
584
585
585
586
586
587
587
588
588
589
589
590
590
591
591
592
592
593
593
594
594
595
595
596
596
597
598
598
599
599
600
600
601
601
602
602
603
603
604
604
605
605
606
606
607
607
608
608
609
609
610
610
611
611
612
612
613
613
614
614
615
615
616
616
617
617
618
618
619
619
620
621
621
622
622
623
623
624
624
625
625
626
626
627
627
628
628
629
629
630
630
631
631
632
632
633
633
634
634
635
635
636
636
637
637
638
638
639
639
640
640
641
641
642
642
643
644
644
645
645
646
646
647
647
648
648
649
649
650
650
651
651
652
652
653
653
654
654
655
655
656
656
657
657
658
658
659
659
660
660
661
661
662
662
663
663
664
664
665
665
666
667
667
668
668
669
669
670
670
671
671
672
672
673
673
674
674
675
675
676
676
677
677
678
678
679
679
680
680
681
681
682
682
683
683
684
684
685
685
686
686
687
687
688
688
689
690
690
691
691
692
692
693
693
694
694
695
695
696
696
697
697
698
698
699
699
700
700
701
701
702
702
703
703
704
704
705
705
706
706
707
707
708
708
709
709
710
710
711
711
712
713
713
714
714
715
715
716
716
717
717
718
718
719
719
720
720
721
721
722
722
723
723
724
724
725
725
726
726
727
727
728
728
729
729
730
730
731
731
732
732
733
733
734
734
735
736
736
737
737
738
738
739
739
740
740
741
741
742
742
743
743
744
744
745
745
746
746
747
747
748
748
749
749
750
750
751
751
752
752
753
753
754
754
755
755
756
756
757
757
758
759
759
760
760
761
761
762
762
763
763
764
764
765
765
766
766
767
767
768
768
769
769
770
770
771
771
772
772
773
773
774
774
775
775
776
776
777
777
778
778
779
779
780
780
782
782
783
783
784
784
785
785
786
786
787
787
788
788
789
789
790
790
791
791
792
792
793
793
794
794
795
795
796
796
797
797
798
798
799
799
800
800
801
801
802
802
803
804
804
805
805
806
806
807
807
808
808
809
809
810
810
811
811
812
812
813
813
814
814
815
815
816
816
817
817
818
818
819
819
820
820
821
821
822
822
823
823
824
824
825
826
826
827
827
828
828
829
829
830
830
831
831
832
832
833
833
834
834
835
835
836
836
837
837
838
838
839
839
840
840
841
841
842
842
843
843
844
844
845
845
846
846
847
848
848
849
849
850
850
851
851
852
852
853
853
854
854
855
855
856
856
857
857
858
858
859
859
860
860
861
861
862
862
863
863
864
864
865
865
866
866
867
867
868
868
869
870
870
871
871
872
872
873
873
874
874
875
875
876
876
877
877
878
878
879
879
880
880
881
881
882
882
883
883
884
884
885
885
886
886
887
887
888
888
889
889
890
890
891
892
892
893
893
894
894
895
895
896
896
897
897
898
898
899
899
900
900
901
901
902
902
903
903
904
904
905
905
906
906
907
907
908
908
909
909
910
910
911
911
912
912
913
914
914
915
915
916
916
917
917
918
918
919
919
920
920
921
921
922
922
923
923
924
924
925
925
926
926
927
927
928
928
929
929
930
930
931
931
932
932
933
933
934
934
935
936
936
937
937
938
938
939
939
940
940
941
941
942
942
943
943
944
944
945
945
946
946
947
947
948
948
949
949
950
950
951
951
952
952
953
953
954
954
955
955
956
956
957
958
958
959
959
960
960
961
961
962
962
963
963
964
964
965
965
966
966
967
967
968
968
969
969
970
970
971
971
972
972
973
973
974
974
975
975
976
976
977
977
978
978
979
980
980
981
981
982
982
983
983
984
984
985
985
986
986
987
987
988
988
989
989
990
990
991
991
992
992
993
993
994
994
995
995
996
996
997
997
998
998
999
999
1000
1000
1001
1002
1002
1003
1003
1004
1004
1005
1005
1006
1006
1007
1007
1008
1008
1009
1009
1010
1010
1011
1011
1012
1012
1013
1013
1014
1014
1015
1015
1016
1016
1017
1017
1018
1018
1019
1019
1020
1020
1021
1021
1022
1022
1023
1024
1024
1025
1025
1026
1026
1027
1027
1028
1028
1029
1029
1030
1030
1031
1031
1032
1032
1033
1033
1034
1034
1035
1035
1036
1036
1037
1037
1038
1038
1039
1039
1040
1040
1041
1041
1042
1042
1043
1043
1044
1044
1045
1046
1046
1047
1047
1048
1048
1049
1049
1050
1050
1051
1051
1052
1052
1053
1053
1054
1054
1055
1055
1056
1056
1057
1057
1058
1058
1059
1059
1060
1060
1061
1061
1062
1062
1063
1063
1064
1064
1065
1065
1066
1066
1067
1068
1068
1069
1069
1070
1070
1071
1071
1072
1072
1073
1073
1074
1074
1075
1075
1076
1076
1077
1077
1078
1078
1079
1079
1080
1080
1081
1081
1082
1082
1083
1083
1084
1084
1085
1085
1086
1086
1087
1087
1088
1088
1089
1090
1090
1091
1091
1092
1092
1093
1093
1094
1094
1095
1095
1096
1096
1097
1097
1098
1098
1099
1099
1100
1100
1101
1101
1102
1102
1103
1103
1104
1104
1105
1105
1106
1106
1107
1107
1108
1108
1109
1109
1110
1110
1111
1112
1113
1114
1115
1116
1117
1118
1119
1120
1121
1122
1123
1124
1125
1126
1127
1128
1129
1130
1131
1132
0
23
46
69
92
115
138
161
184
207
230
253
276
299
322
345
368
391
414
437
460
483
506
529
552
575
598
621
644
667
690
713
736
759
782
804
826
848
870
892
914
936
958
980
1002
1024
1046
1068
1090
1112
0
1
2
3
4
5
6
7
8
9
10
11
12
13
14
15
16
17
18
19
20
21
22
22
45
68
91
114
137
160
183
1112
1113
1114
1115
1116
1117
1118
1119
1120
1121
1122
1123
1124
1125
1126
1127
1128
1129
1130
1131
1132
1133
0
23
46
69
92
115
138
161
1
24
47
70
93
116
139
162
2
25
48
71
94
117
140
163
3
26
49
72
95
118
141
164
4
27
50
73
96
119
142
165
5
28
51
74
97
120
143
166
6
29
52
75
98
121
144
167
7
30
53
76
99
122
145
168
8
31
54
77
100
123
146
169
9
32
55
78
101
124
147
170
10
33
56
79
102
125
148
171
11
34
57
80
103
126
149
172
12
35
58
81
104
127
150
173
13
36
59
82
105
128
151
174
14
37
60
83
106
129
152
175
15
38
61
84
107
130
153
176
16
39
62
85
108
131
154
177
17
40
63
86
109
132
155
178
18
41
64
87
110
133
156
179
19
42
65
88
111
134
157
180
20
43
66
89
112
135
158
181
21
44
67
90
113
136
159
182
22
45
68
91
114
137
160
183
0
23
46
69
92
115
138
161
1
24
47
70
93
116
139
162
2
25
48
71
94
117
140
163
3
26
49
72
95
118
141
164
4
27
50
73
96
119
142
165
5
28
51
74
97
120
143
166
6
29
52
75
98
121
144
167
7
30
53
76
99
122
145
168
8
31
54
77
100
123
146
169
9
32
55
78
101
124
147
170
10
33
56
79
102
125
148
171
11
34
57
80
103
126
149
172
12
35
58
81
104
127
150
173
13
36
59
82
105
128
151
174
14
37
60
83
106
129
152
175
15
38
61
84
107
130
153
176
16
39
62
85
108
131
154
177
17
40
63
86
109
132
155
178
18
41
64
87
110
133
156
179
19
42
65
88
111
134
157
180
20
43
66
89
112
135
158
181
21
44
67
90
113
136
159
182
22
45
68
91
114
137
160
183
184
207
230
253
276
299
322
345
368
391
414
437
460
483
506
529
552
575
598
621
644
667
690
713
736
759
782
804
826
848
870
892
914
936
958
980
1002
1024
1046
1068
1090
1112
185
208
231
254
277
300
323
346
369
392
415
438
461
484
507
530
553
576
599
622
645
668
691
714
737
760
783
805
827
849
871
893
915
937
959
981
1003
1025
1047
1069
1091
1113
186
209
232
255
278
301
324
347
370
393
416
439
462
485
508
531
554
577
600
623
646
669
692
715
738
761
784
806
828
850
872
894
916
938
960
982
1004
1026
1048
1070
1092
1114
187
210
233
256
279
302
325
348
371
394
417
440
463
486
509
532
555
578
601
624
647
670
693
716
739
762
785
807
829
851
873
895
917
939
961
983
1005
1027
1049
1071
1093
1115
188
211
234
257
280
303
326
349
372
395
418
441
464
487
510
533
556
579
602
625
648
671
694
717
740
763
786
808
830
852
874
896
918
940
962
984
1006
1028
1050
1072
1094
1116
189
212
235
258
281
304
327
350
373
396
419
442
465
488
511
534
557
580
603
626
649
672
695
718
741
764
787
809
831
853
875
897
919
941
963
985
1007
1029
1051
1073
1095
1117
190
213
236
259
282
305
328
351
374
397
420
443
466
489
512
535
558
581
604
627
650
673
696
719
742
765
788
810
832
854
876
898
920
942
964
986
1008
1030
1052
1074
1096
1118
191
214
237
260
283
306
329
352
375
398
421
444
467
490
513
536
559
582
605
628
651
674
697
720
743
766
789
811
833
855
877
899
921
943
965
987
1009
1031
1053
1075
1097
1119
192
215
238
261
284
307
330
353
376
399
422
445
468
491
514
537
560
583
606
629
652
675
698
721
744
767
790
812
834
856
878
900
922
944
966
988
1010
1032
1054
1076
1098
1120
193
216
239
262
285
308
331
354
377
400
423
446
469
492
515
538
561
584
607
630
653
676
699
722
745
768
791
813
835
857
879
901
923
945
967
989
1011
1033
1055
1077
1099
1121
194
217
240
263
286
309
332
355
378
401
424
447
470
493
516
539
562
585
608
631
654
677
700
723
746
769
792
814
836
858
880
902
924
946
968
990
1012
1034
1056
1078
1100
1122
195
218
241
264
287
310
333
356
379
402
425
448
471
494
517
540
563
586
609
632
655
678
701
724
747
770
793
815
837
859
881
903
925
947
969
991
1013
1035
1057
1079
1101
1123
196
219
242
265
288
311
334
357
380
403
426
449
472
495
518
541
564
587
610
633
656
679
702
725
748
771
794
816
838
860
882
904
926
948
970
992
1014
1036
1058
1080
1102
1124
197
220
243
266
289
312
335
358
381
404
427
450
473
496
519
542
565
588
611
634
657
680
703
726
749
772
795
817
839
861
883
905
927
949
971
993
1015
1037
1059
1081
1103
1125
198
221
244
267
290
313
336
359
382
405
428
451
474
497
520
543
566
589
612
635
658
681
704
727
750
773
796
818
840
862
884
906
928
950
972
994
1016
1038
1060
1082
1104
1126
199
222
245
268
291
314
337
360
383
406
429
452
475
498
521
544
567
590
613
636
659
682
705
728
751
774
797
819
841
863
885
907
929
951
973
995
1017
1039
1061
1083
1105
1127
200
223
246
269
292
315
338
361
384
407
430
453
476
499
522
545
568
591
614
637
660
683
706
729
752
775
798
820
842
864
886
908
930
952
974
996
1018
1040
1062
1084
1106
1128
201
224
247
270
293
316
339
362
385
408
431
454
477
500
523
546
569
592
615
638
661
684
707
730
753
776
799
821
843
865
887
909
931
953
975
997
1019
1041
1063
1085
1107
1129
202
225
248
271
294
317
340
363
386
409
432
455
478
501
524
547
570
593
616
639
662
685
708
731
754
777
800
822
844
866
888
910
932
954
976
998
1020
1042
1064
1086
1108
1130
203
226
249
272
295
318
341
364
387
410
433
456
479
502
525
548
571
594
617
640
663
686
709
732
755
778
801
823
845
867
889
911
933
955
977
999
1021
1043
1065
1087
1109
1131
204
227
250
273
296
319
342
365
388
411
434
457
480
503
526
549
572
595
618
641
664
687
710
733
756
779
802
824
846
868
890
912
934
956
978
1000
1022
1044
1066
1088
1110
1132
205
228
251
274
297
320
343
366
389
412
435
458
481
504
527
550
573
596
619
642
665
688
711
734
757
780
803
825
847
869
891
913
935
957
979
1001
1023
1045
1067
1089
1111
1133
206
229
252
275
298
321
344
367
390
413
436
459
482
505
528
551
574
597
620
643
666
689
712
735
758
781
184
207
230
253
276
299
322
345
368
391
414
437
460
483
506
529
552
575
598
621
644
667
690
713
736
759
782
804
826
848
870
892
914
936
958
980
1002
1024
1046
1068
1090
1112
185
208
231
254
277
300
323
346
369
392
415
438
461
484
507
530
553
576
599
622
645
668
691
714
737
760
783
805
827
849
871
893
915
937
959
981
1003
1025
1047
1069
1091
1113
186
209
232
255
278
301
324
347
370
393
416
439
462
485
508
531
554
577
600
623
646
669
692
715
738
761
784
806
828
850
872
894
916
938
960
982
1004
1026
1048
1070
1092
1114
187
210
233
256
279
302
325
348
371
394
417
440
463
486
509
532
555
578
601
624
647
670
693
716
739
762
785
807
829
851
873
895
917
939
961
983
1005
1027
1049
1071
1093
1115
188
211
234
257
280
303
326
349
372
395
418
441
464
487
510
533
556
579
602
625
648
671
694
717
740
763
786
808
830
852
874
896
918
940
962
984
1006
1028
1050
1072
1094
1116
189
212
235
258
281
304
327
350
373
396
419
442
465
488
511
534
557
580
603
626
649
672
695
718
741
764
787
809
831
853
875
897
919
941
963
985
1007
1029
1051
1073
1095
1117
190
213
236
259
282
305
328
351
374
397
420
443
466
489
512
535
558
581
604
627
650
673
696
719
742
765
788
810
832
854
876
898
920
942
964
986
1008
1030
1052
1074
1096
1118
191
214
237
260
283
306
329
352
375
398
421
444
467
490
513
536
559
582
605
628
651
674
697
720
743
766
789
811
833
855
877
899
921
943
965
987
1009
1031
1053
1075
1097
1119
192
215
238
261
284
307
330
353
376
399
422
445
468
491
514
537
560
583
606
629
652
675
698
721
744
767
790
812
834
856
878
900
922
944
966
988
1010
1032
1054
1076
1098
1120
193
216
239
262
285
308
331
354
377
400
423
446
469
492
515
538
561
584
607
630
653
676
699
722
745
768
791
813
835
857
879
901
923
945
967
989
1011
1033
1055
1077
1099
1121
194
217
240
263
286
309
332
355
378
401
424
447
470
493
516
539
562
585
608
631
654
677
700
723
746
769
792
814
836
858
880
902
924
946
968
990
1012
1034
1056
1078
1100
1122
195
218
241
264
287
310
333
356
379
402
425
448
471
494
517
540
563
586
609
632
655
678
701
724
747
770
793
815
837
859
881
903
925
947
969
991
1013
1035
1057
1079
1101
1123
196
219
242
265
288
311
334
357
380
403
426
449
472
495
518
541
564
587
610
633
656
679
702
725
748
771
794
816
838
860
882
904
926
948
970
992
1014
1036
1058
1080
1102
1124
197
220
243
266
289
312
335
358
381
404
427
450
473
496
519
542
565
588
611
634
657
680
703
726
749
772
795
817
839
861
883
905
927
949
971
993
1015
1037
1059
1081
1103
1125
198
221
244
267
290
313
336
359
382
405
428
451
474
497
520
543
566
589
612
635
658
681
704
727
750
773
796
818
840
862
884
906
928
950
972
994
1016
1038
1060
1082
1104
1126
199
222
245
268
291
314
337
360
383
406
429
452
475
498
521
544
567
590
613
636
659
682
705
728
751
774
797
819
841
863
885
907
929
951
973
995
1017
1039
1061
1083
1105
1127
200
223
246
269
292
315
338
361
384
407
430
453
476
499
522
545
568
591
614
637
660
683
706
729
752
775
798
820
842
864
886
908
930
952
974
996
1018
1040
1062
1084
1106
1128
201
224
247
270
293
316
339
362
385
408
431
454
477
500
523
546
569
592
615
638
661
684
707
730
753
776
799
821
843
865
887
909
931
953
975
997
1019
1041
1063
1085
1107
1129
202
225
248
271
294
317
340
363
386
409
432
455
478
501
524
547
570
593
616
639
662
685
708
731
754
777
800
822
844
866
888
910
932
954
976
998
1020
1042
1064
1086
1108
1130
203
226
249
272
295
318
341
364
387
410
433
456
479
502
525
548
571
594
617
640
663
686
709
732
755
778
801
823
845
867
889
911
933
955
977
999
1021
1043
1065
1087
1109
1131
204
227
250
273
296
319
342
365
388
411
434
457
480
503
526
549
572
595
618
641
664
687
710
733
756
779
802
824
846
868
890
912
934
956
978
1000
1022
1044
1066
1088
1110
1132
205
228
251
274
297
320
343
366
389
412
435
458
481
504
527
550
573
596
619
642
665
688
711
734
757
780
803
825
847
869
891
913
935
957
979
1001
1023
1045
1067
1089
1111
1133
206
229
252
275
298
321
344
367
390
413
436
459
482
505
528
551
574
597
620
643
666
689
712
735
758
781
206
229
252
275
298
321
344
367
390
413
436
459
482
505
528
551
574
597
620
643
666
689
712
735
758
781
781
803
825
847
869
891
913
935
957
979
1001
1023
1045
1067
1089
1111
1133
)


// ************************************************************************* //
