/*--------------------------------*- C++ -*----------------------------------*\
| =========                 |                                                 |
| \\      /  F ield         | OpenFOAM: The Open Source CFD Toolbox           |
|  \\    /   O peration     | Version:  2506                                  |
|   \\  /    A nd           | Website:  www.openfoam.com                      |
|    \\/     M anipulation  |                                                 |
\*---------------------------------------------------------------------------*/
FoamFile
{
    version     2.0;
    format      ascii;
    arch        "LSB;label=32;scalar=64";
    class       vectorField;
    location    "constant/polyMesh";
    object      points;
}
// * * * * * * * * * * * * * * * * * * * * * * * * * * * * * * * * * * * * * //


2416
(
(0 0 0)
(0.01269565217 0 0)
(0.02539130435 0 0)
(0.03808695652 0 0)
(0.0507826087 0 0)
(0.06347826087 0 0)
(0.07617391304 0 0)
(0.08886956522 0 0)
(0.1015652174 0 0)
(0.1142608696 0 0)
(0.1269565217 0 0)
(0.1396521739 0 0)
(0.1523478261 0 0)
(0.1650434783 0 0)
(0.1777391304 0 0)
(0.1904347826 0 0)
(0.2031304348 0 0)
(0.215826087 0 0)
(0.2285217391 0 0)
(0.2412173913 0 0)
(0.2539130435 0 0)
(0.2666086957 0 0)
(0.2793043478 0 0)
(0.292 0 0)
(0 0.00599987 0)
(0.01269565217 0.00599987 0)
(0.02539130435 0.00599987 0)
(0.03808695652 0.00599987 0)
(0.0507826087 0.00599987 0)
(0.06347826087 0.00599987 0)
(0.07617391304 0.00599987 0)
(0.08886956522 0.00599987 0)
(0.1015652174 0.00599987 0)
(0.1142608696 0.00599987 0)
(0.1269565217 0.00599987 0)
(0.1396521739 0.00599987 0)
(0.1523478261 0.00599987 0)
(0.1650434783 0.00599987 0)
(0.1777391304 0.00599987 0)
(0.1904347826 0.00599987 0)
(0.2031304348 0.00599987 0)
(0.215826087 0.00599987 0)
(0.2285217391 0.00599987 0)
(0.2412173913 0.00599987 0)
(0.2539130435 0.00599987 0)
(0.2666086957 0.00599987 0)
(0.2793043478 0.00599987 0)
(0.292 0.00599987 0)
(0 0.01199974 0)
(0.01269565217 0.01199974 0)
(0.02539130435 0.01199974 0)
(0.03808695652 0.01199974 0)
(0.0507826087 0.01199974 0)
(0.06347826087 0.01199974 0)
(0.07617391304 0.01199974 0)
(0.08886956522 0.01199974 0)
(0.1015652174 0.01199974 0)
(0.1142608696 0.01199974 0)
(0.1269565217 0.01199974 0)
(0.1396521739 0.01199974 0)
(0.1523478261 0.01199974 0)
(0.1650434783 0.01199974 0)
(0.1777391304 0.01199974 0)
(0.1904347826 0.01199974 0)
(0.2031304348 0.01199974 0)
(0.215826087 0.01199974 0)
(0.2285217391 0.01199974 0)
(0.2412173913 0.01199974 0)
(0.2539130435 0.01199974 0)
(0.2666086957 0.01199974 0)
(0.2793043478 0.01199974 0)
(0.292 0.01199974 0)
(0 0.01799961 0)
(0.01269565217 0.01799961 0)
(0.02539130435 0.01799961 0)
(0.03808695652 0.01799961 0)
(0.0507826087 0.01799961 0)
(0.06347826087 0.01799961 0)
(0.07617391304 0.01799961 0)
(0.08886956522 0.01799961 0)
(0.1015652174 0.01799961 0)
(0.1142608696 0.01799961 0)
(0.1269565217 0.01799961 0)
(0.1396521739 0.01799961 0)
(0.1523478261 0.01799961 0)
(0.1650434783 0.01799961 0)
(0.1777391304 0.01799961 0)
(0.1904347826 0.01799961 0)
(0.2031304348 0.01799961 0)
(0.215826087 0.01799961 0)
(0.2285217391 0.01799961 0)
(0.2412173913 0.01799961 0)
(0.2539130435 0.01799961 0)
(0.2666086957 0.01799961 0)
(0.2793043478 0.01799961 0)
(0.292 0.01799961 0)
(0 0.02399948 0)
(0.01269565217 0.02399948 0)
(0.02539130435 0.02399948 0)
(0.03808695652 0.02399948 0)
(0.0507826087 0.02399948 0)
(0.06347826087 0.02399948 0)
(0.07617391304 0.02399948 0)
(0.08886956522 0.02399948 0)
(0.1015652174 0.02399948 0)
(0.1142608696 0.02399948 0)
(0.1269565217 0.02399948 0)
(0.1396521739 0.02399948 0)
(0.1523478261 0.02399948 0)
(0.1650434783 0.02399948 0)
(0.1777391304 0.02399948 0)
(0.1904347826 0.02399948 0)
(0.2031304348 0.02399948 0)
(0.215826087 0.02399948 0)
(0.2285217391 0.02399948 0)
(0.2412173913 0.02399948 0)
(0.2539130435 0.02399948 0)
(0.2666086957 0.02399948 0)
(0.2793043478 0.02399948 0)
(0.292 0.02399948 0)
(0 0.02999935 0)
(0.01269565217 0.02999935 0)
(0.02539130435 0.02999935 0)
(0.03808695652 0.02999935 0)
(0.0507826087 0.02999935 0)
(0.06347826087 0.02999935 0)
(0.07617391304 0.02999935 0)
(0.08886956522 0.02999935 0)
(0.1015652174 0.02999935 0)
(0.1142608696 0.02999935 0)
(0.1269565217 0.02999935 0)
(0.1396521739 0.02999935 0)
(0.1523478261 0.02999935 0)
(0.1650434783 0.02999935 0)
(0.1777391304 0.02999935 0)
(0.1904347826 0.02999935 0)
(0.2031304348 0.02999935 0)
(0.215826087 0.02999935 0)
(0.2285217391 0.02999935 0)
(0.2412173913 0.02999935 0)
(0.2539130435 0.02999935 0)
(0.2666086957 0.02999935 0)
(0.2793043478 0.02999935 0)
(0.292 0.02999935 0)
(0 0.03599922 0)
(0.01269565217 0.03599922 0)
(0.02539130435 0.03599922 0)
(0.03808695652 0.03599922 0)
(0.0507826087 0.03599922 0)
(0.06347826087 0.03599922 0)
(0.07617391304 0.03599922 0)
(0.08886956522 0.03599922 0)
(0.1015652174 0.03599922 0)
(0.1142608696 0.03599922 0)
(0.1269565217 0.03599922 0)
(0.1396521739 0.03599922 0)
(0.1523478261 0.03599922 0)
(0.1650434783 0.03599922 0)
(0.1777391304 0.03599922 0)
(0.1904347826 0.03599922 0)
(0.2031304348 0.03599922 0)
(0.215826087 0.03599922 0)
(0.2285217391 0.03599922 0)
(0.2412173913 0.03599922 0)
(0.2539130435 0.03599922 0)
(0.2666086957 0.03599922 0)
(0.2793043478 0.03599922 0)
(0.292 0.03599922 0)
(0 0.04199909 0)
(0.01269565217 0.04199909 0)
(0.02539130435 0.04199909 0)
(0.03808695652 0.04199909 0)
(0.0507826087 0.04199909 0)
(0.06347826087 0.04199909 0)
(0.07617391304 0.04199909 0)
(0.08886956522 0.04199909 0)
(0.1015652174 0.04199909 0)
(0.1142608696 0.04199909 0)
(0.1269565217 0.04199909 0)
(0.1396521739 0.04199909 0)
(0.1523478261 0.04199909 0)
(0.1650434783 0.04199909 0)
(0.1777391304 0.04199909 0)
(0.1904347826 0.04199909 0)
(0.2031304348 0.04199909 0)
(0.215826087 0.04199909 0)
(0.2285217391 0.04199909 0)
(0.2412173913 0.04199909 0)
(0.2539130435 0.04199909 0)
(0.2666086957 0.04199909 0)
(0.2793043478 0.04199909 0)
(0.292 0.04199909 0)
(0 0.04799896 0)
(0.01269565217 0.04799896 0)
(0.02539130435 0.04799896 0)
(0.03808695652 0.04799896 0)
(0.0507826087 0.04799896 0)
(0.06347826087 0.04799896 0)
(0.07617391304 0.04799896 0)
(0.08886956522 0.04799896 0)
(0.1015652174 0.04799896 0)
(0.1142608696 0.04799896 0)
(0.1269565217 0.04799896 0)
(0.1396521739 0.04799896 0)
(0.1523478261 0.04799896 0)
(0.1650434783 0.04799896 0)
(0.1777391304 0.04799896 0)
(0.1904347826 0.04799896 0)
(0.2031304348 0.04799896 0)
(0.215826087 0.04799896 0)
(0.2285217391 0.04799896 0)
(0.2412173913 0.04799896 0)
(0.2539130435 0.04799896 0)
(0.2666086957 0.04799896 0)
(0.2793043478 0.04799896 0)
(0.292 0.04799896 0)
(0 0 0.0146)
(0.01269565217 0 0.0146)
(0.02539130435 0 0.0146)
(0.03808695652 0 0.0146)
(0.0507826087 0 0.0146)
(0.06347826087 0 0.0146)
(0.07617391304 0 0.0146)
(0.08886956522 0 0.0146)
(0.1015652174 0 0.0146)
(0.1142608696 0 0.0146)
(0.1269565217 0 0.0146)
(0.1396521739 0 0.0146)
(0.1523478261 0 0.0146)
(0.1650434783 0 0.0146)
(0.1777391304 0 0.0146)
(0.1904347826 0 0.0146)
(0.2031304348 0 0.0146)
(0.215826087 0 0.0146)
(0.2285217391 0 0.0146)
(0.2412173913 0 0.0146)
(0.2539130435 0 0.0146)
(0.2666086957 0 0.0146)
(0.2793043478 0 0.0146)
(0.292 0 0.0146)
(0 0.00599987 0.0146)
(0.01269565217 0.00599987 0.0146)
(0.02539130435 0.00599987 0.0146)
(0.03808695652 0.00599987 0.0146)
(0.0507826087 0.00599987 0.0146)
(0.06347826087 0.00599987 0.0146)
(0.07617391304 0.00599987 0.0146)
(0.08886956522 0.00599987 0.0146)
(0.1015652174 0.00599987 0.0146)
(0.1142608696 0.00599987 0.0146)
(0.1269565217 0.00599987 0.0146)
(0.1396521739 0.00599987 0.0146)
(0.1523478261 0.00599987 0.0146)
(0.1650434783 0.00599987 0.0146)
(0.1777391304 0.00599987 0.0146)
(0.1904347826 0.00599987 0.0146)
(0.2031304348 0.00599987 0.0146)
(0.215826087 0.00599987 0.0146)
(0.2285217391 0.00599987 0.0146)
(0.2412173913 0.00599987 0.0146)
(0.2539130435 0.00599987 0.0146)
(0.2666086957 0.00599987 0.0146)
(0.2793043478 0.00599987 0.0146)
(0.292 0.00599987 0.0146)
(0 0.01199974 0.0146)
(0.01269565217 0.01199974 0.0146)
(0.02539130435 0.01199974 0.0146)
(0.03808695652 0.01199974 0.0146)
(0.0507826087 0.01199974 0.0146)
(0.06347826087 0.01199974 0.0146)
(0.07617391304 0.01199974 0.0146)
(0.08886956522 0.01199974 0.0146)
(0.1015652174 0.01199974 0.0146)
(0.1142608696 0.01199974 0.0146)
(0.1269565217 0.01199974 0.0146)
(0.1396521739 0.01199974 0.0146)
(0.1523478261 0.01199974 0.0146)
(0.1650434783 0.01199974 0.0146)
(0.1777391304 0.01199974 0.0146)
(0.1904347826 0.01199974 0.0146)
(0.2031304348 0.01199974 0.0146)
(0.215826087 0.01199974 0.0146)
(0.2285217391 0.01199974 0.0146)
(0.2412173913 0.01199974 0.0146)
(0.2539130435 0.01199974 0.0146)
(0.2666086957 0.01199974 0.0146)
(0.2793043478 0.01199974 0.0146)
(0.292 0.01199974 0.0146)
(0 0.01799961 0.0146)
(0.01269565217 0.01799961 0.0146)
(0.02539130435 0.01799961 0.0146)
(0.03808695652 0.01799961 0.0146)
(0.0507826087 0.01799961 0.0146)
(0.06347826087 0.01799961 0.0146)
(0.07617391304 0.01799961 0.0146)
(0.08886956522 0.01799961 0.0146)
(0.1015652174 0.01799961 0.0146)
(0.1142608696 0.01799961 0.0146)
(0.1269565217 0.01799961 0.0146)
(0.1396521739 0.01799961 0.0146)
(0.1523478261 0.01799961 0.0146)
(0.1650434783 0.01799961 0.0146)
(0.1777391304 0.01799961 0.0146)
(0.1904347826 0.01799961 0.0146)
(0.2031304348 0.01799961 0.0146)
(0.215826087 0.01799961 0.0146)
(0.2285217391 0.01799961 0.0146)
(0.2412173913 0.01799961 0.0146)
(0.2539130435 0.01799961 0.0146)
(0.2666086957 0.01799961 0.0146)
(0.2793043478 0.01799961 0.0146)
(0.292 0.01799961 0.0146)
(0 0.02399948 0.0146)
(0.01269565217 0.02399948 0.0146)
(0.02539130435 0.02399948 0.0146)
(0.03808695652 0.02399948 0.0146)
(0.0507826087 0.02399948 0.0146)
(0.06347826087 0.02399948 0.0146)
(0.07617391304 0.02399948 0.0146)
(0.08886956522 0.02399948 0.0146)
(0.1015652174 0.02399948 0.0146)
(0.1142608696 0.02399948 0.0146)
(0.1269565217 0.02399948 0.0146)
(0.1396521739 0.02399948 0.0146)
(0.1523478261 0.02399948 0.0146)
(0.1650434783 0.02399948 0.0146)
(0.1777391304 0.02399948 0.0146)
(0.1904347826 0.02399948 0.0146)
(0.2031304348 0.02399948 0.0146)
(0.215826087 0.02399948 0.0146)
(0.2285217391 0.02399948 0.0146)
(0.2412173913 0.02399948 0.0146)
(0.2539130435 0.02399948 0.0146)
(0.2666086957 0.02399948 0.0146)
(0.2793043478 0.02399948 0.0146)
(0.292 0.02399948 0.0146)
(0 0.02999935 0.0146)
(0.01269565217 0.02999935 0.0146)
(0.02539130435 0.02999935 0.0146)
(0.03808695652 0.02999935 0.0146)
(0.0507826087 0.02999935 0.0146)
(0.06347826087 0.02999935 0.0146)
(0.07617391304 0.02999935 0.0146)
(0.08886956522 0.02999935 0.0146)
(0.1015652174 0.02999935 0.0146)
(0.1142608696 0.02999935 0.0146)
(0.1269565217 0.02999935 0.0146)
(0.1396521739 0.02999935 0.0146)
(0.1523478261 0.02999935 0.0146)
(0.1650434783 0.02999935 0.0146)
(0.1777391304 0.02999935 0.0146)
(0.1904347826 0.02999935 0.0146)
(0.2031304348 0.02999935 0.0146)
(0.215826087 0.02999935 0.0146)
(0.2285217391 0.02999935 0.0146)
(0.2412173913 0.02999935 0.0146)
(0.2539130435 0.02999935 0.0146)
(0.2666086957 0.02999935 0.0146)
(0.2793043478 0.02999935 0.0146)
(0.292 0.02999935 0.0146)
(0 0.03599922 0.0146)
(0.01269565217 0.03599922 0.0146)
(0.02539130435 0.03599922 0.0146)
(0.03808695652 0.03599922 0.0146)
(0.0507826087 0.03599922 0.0146)
(0.06347826087 0.03599922 0.0146)
(0.07617391304 0.03599922 0.0146)
(0.08886956522 0.03599922 0.0146)
(0.1015652174 0.03599922 0.0146)
(0.1142608696 0.03599922 0.0146)
(0.1269565217 0.03599922 0.0146)
(0.1396521739 0.03599922 0.0146)
(0.1523478261 0.03599922 0.0146)
(0.1650434783 0.03599922 0.0146)
(0.1777391304 0.03599922 0.0146)
(0.1904347826 0.03599922 0.0146)
(0.2031304348 0.03599922 0.0146)
(0.215826087 0.03599922 0.0146)
(0.2285217391 0.03599922 0.0146)
(0.2412173913 0.03599922 0.0146)
(0.2539130435 0.03599922 0.0146)
(0.2666086957 0.03599922 0.0146)
(0.2793043478 0.03599922 0.0146)
(0.292 0.03599922 0.0146)
(0 0.04199909 0.0146)
(0.01269565217 0.04199909 0.0146)
(0.02539130435 0.04199909 0.0146)
(0.03808695652 0.04199909 0.0146)
(0.0507826087 0.04199909 0.0146)
(0.06347826087 0.04199909 0.0146)
(0.07617391304 0.04199909 0.0146)
(0.08886956522 0.04199909 0.0146)
(0.1015652174 0.04199909 0.0146)
(0.1142608696 0.04199909 0.0146)
(0.1269565217 0.04199909 0.0146)
(0.1396521739 0.04199909 0.0146)
(0.1523478261 0.04199909 0.0146)
(0.1650434783 0.04199909 0.0146)
(0.1777391304 0.04199909 0.0146)
(0.1904347826 0.04199909 0.0146)
(0.2031304348 0.04199909 0.0146)
(0.215826087 0.04199909 0.0146)
(0.2285217391 0.04199909 0.0146)
(0.2412173913 0.04199909 0.0146)
(0.2539130435 0.04199909 0.0146)
(0.2666086957 0.04199909 0.0146)
(0.2793043478 0.04199909 0.0146)
(0.292 0.04199909 0.0146)
(0 0.04799896 0.0146)
(0.01269565217 0.04799896 0.0146)
(0.02539130435 0.04799896 0.0146)
(0.03808695652 0.04799896 0.0146)
(0.0507826087 0.04799896 0.0146)
(0.06347826087 0.04799896 0.0146)
(0.07617391304 0.04799896 0.0146)
(0.08886956522 0.04799896 0.0146)
(0.1015652174 0.04799896 0.0146)
(0.1142608696 0.04799896 0.0146)
(0.1269565217 0.04799896 0.0146)
(0.1396521739 0.04799896 0.0146)
(0.1523478261 0.04799896 0.0146)
(0.1650434783 0.04799896 0.0146)
(0.1777391304 0.04799896 0.0146)
(0.1904347826 0.04799896 0.0146)
(0.2031304348 0.04799896 0.0146)
(0.215826087 0.04799896 0.0146)
(0.2285217391 0.04799896 0.0146)
(0.2412173913 0.04799896 0.0146)
(0.2539130435 0.04799896 0.0146)
(0.2666086957 0.04799896 0.0146)
(0.2793043478 0.04799896 0.0146)
(0.292 0.04799896 0.0146)
(0 0.06076088952 0)
(0.01269565217 0.06076088952 0)
(0.02539130435 0.06076088952 0)
(0.03808695652 0.06076088952 0)
(0.0507826087 0.06076088952 0)
(0.06347826087 0.06076088952 0)
(0.07617391304 0.06076088952 0)
(0.08886956522 0.06076088952 0)
(0.1015652174 0.06076088952 0)
(0.1142608696 0.06076088952 0)
(0.1269565217 0.06076088952 0)
(0.1396521739 0.06076088952 0)
(0.1523478261 0.06076088952 0)
(0.1650434783 0.06076088952 0)
(0.1777391304 0.06076088952 0)
(0.1904347826 0.06076088952 0)
(0.2031304348 0.06076088952 0)
(0.215826087 0.06076088952 0)
(0.2285217391 0.06076088952 0)
(0.2412173913 0.06076088952 0)
(0.2539130435 0.06076088952 0)
(0.2666086957 0.06076088952 0)
(0.2793043478 0.06076088952 0)
(0.292 0.06076088952 0)
(0 0.07352281905 0)
(0.01269565217 0.07352281905 0)
(0.02539130435 0.07352281905 0)
(0.03808695652 0.07352281905 0)
(0.0507826087 0.07352281905 0)
(0.06347826087 0.07352281905 0)
(0.07617391304 0.07352281905 0)
(0.08886956522 0.07352281905 0)
(0.1015652174 0.07352281905 0)
(0.1142608696 0.07352281905 0)
(0.1269565217 0.07352281905 0)
(0.1396521739 0.07352281905 0)
(0.1523478261 0.07352281905 0)
(0.1650434783 0.07352281905 0)
(0.1777391304 0.07352281905 0)
(0.1904347826 0.07352281905 0)
(0.2031304348 0.07352281905 0)
(0.215826087 0.07352281905 0)
(0.2285217391 0.07352281905 0)
(0.2412173913 0.07352281905 0)
(0.2539130435 0.07352281905 0)
(0.2666086957 0.07352281905 0)
(0.2793043478 0.07352281905 0)
(0.292 0.07352281905 0)
(0 0.08628474857 0)
(0.01269565217 0.08628474857 0)
(0.02539130435 0.08628474857 0)
(0.03808695652 0.08628474857 0)
(0.0507826087 0.08628474857 0)
(0.06347826087 0.08628474857 0)
(0.07617391304 0.08628474857 0)
(0.08886956522 0.08628474857 0)
(0.1015652174 0.08628474857 0)
(0.1142608696 0.08628474857 0)
(0.1269565217 0.08628474857 0)
(0.1396521739 0.08628474857 0)
(0.1523478261 0.08628474857 0)
(0.1650434783 0.08628474857 0)
(0.1777391304 0.08628474857 0)
(0.1904347826 0.08628474857 0)
(0.2031304348 0.08628474857 0)
(0.215826087 0.08628474857 0)
(0.2285217391 0.08628474857 0)
(0.2412173913 0.08628474857 0)
(0.2539130435 0.08628474857 0)
(0.2666086957 0.08628474857 0)
(0.2793043478 0.08628474857 0)
(0.292 0.08628474857 0)
(0 0.0990466781 0)
(0.01269565217 0.0990466781 0)
(0.02539130435 0.0990466781 0)
(0.03808695652 0.0990466781 0)
(0.0507826087 0.0990466781 0)
(0.06347826087 0.0990466781 0)
(0.07617391304 0.0990466781 0)
(0.08886956522 0.0990466781 0)
(0.1015652174 0.0990466781 0)
(0.1142608696 0.0990466781 0)
(0.1269565217 0.0990466781 0)
(0.1396521739 0.0990466781 0)
(0.1523478261 0.0990466781 0)
(0.1650434783 0.0990466781 0)
(0.1777391304 0.0990466781 0)
(0.1904347826 0.0990466781 0)
(0.2031304348 0.0990466781 0)
(0.215826087 0.0990466781 0)
(0.2285217391 0.0990466781 0)
(0.2412173913 0.0990466781 0)
(0.2539130435 0.0990466781 0)
(0.2666086957 0.0990466781 0)
(0.2793043478 0.0990466781 0)
(0.292 0.0990466781 0)
(0 0.1118086076 0)
(0.01269565217 0.1118086076 0)
(0.02539130435 0.1118086076 0)
(0.03808695652 0.1118086076 0)
(0.0507826087 0.1118086076 0)
(0.06347826087 0.1118086076 0)
(0.07617391304 0.1118086076 0)
(0.08886956522 0.1118086076 0)
(0.1015652174 0.1118086076 0)
(0.1142608696 0.1118086076 0)
(0.1269565217 0.1118086076 0)
(0.1396521739 0.1118086076 0)
(0.1523478261 0.1118086076 0)
(0.1650434783 0.1118086076 0)
(0.1777391304 0.1118086076 0)
(0.1904347826 0.1118086076 0)
(0.2031304348 0.1118086076 0)
(0.215826087 0.1118086076 0)
(0.2285217391 0.1118086076 0)
(0.2412173913 0.1118086076 0)
(0.2539130435 0.1118086076 0)
(0.2666086957 0.1118086076 0)
(0.2793043478 0.1118086076 0)
(0.292 0.1118086076 0)
(0 0.1245705371 0)
(0.01269565217 0.1245705371 0)
(0.02539130435 0.1245705371 0)
(0.03808695652 0.1245705371 0)
(0.0507826087 0.1245705371 0)
(0.06347826087 0.1245705371 0)
(0.07617391304 0.1245705371 0)
(0.08886956522 0.1245705371 0)
(0.1015652174 0.1245705371 0)
(0.1142608696 0.1245705371 0)
(0.1269565217 0.1245705371 0)
(0.1396521739 0.1245705371 0)
(0.1523478261 0.1245705371 0)
(0.1650434783 0.1245705371 0)
(0.1777391304 0.1245705371 0)
(0.1904347826 0.1245705371 0)
(0.2031304348 0.1245705371 0)
(0.215826087 0.1245705371 0)
(0.2285217391 0.1245705371 0)
(0.2412173913 0.1245705371 0)
(0.2539130435 0.1245705371 0)
(0.2666086957 0.1245705371 0)
(0.2793043478 0.1245705371 0)
(0.292 0.1245705371 0)
(0 0.1373324667 0)
(0.01269565217 0.1373324667 0)
(0.02539130435 0.1373324667 0)
(0.03808695652 0.1373324667 0)
(0.0507826087 0.1373324667 0)
(0.06347826087 0.1373324667 0)
(0.07617391304 0.1373324667 0)
(0.08886956522 0.1373324667 0)
(0.1015652174 0.1373324667 0)
(0.1142608696 0.1373324667 0)
(0.1269565217 0.1373324667 0)
(0.1396521739 0.1373324667 0)
(0.1523478261 0.1373324667 0)
(0.1650434783 0.1373324667 0)
(0.1777391304 0.1373324667 0)
(0.1904347826 0.1373324667 0)
(0.2031304348 0.1373324667 0)
(0.215826087 0.1373324667 0)
(0.2285217391 0.1373324667 0)
(0.2412173913 0.1373324667 0)
(0.2539130435 0.1373324667 0)
(0.2666086957 0.1373324667 0)
(0.2793043478 0.1373324667 0)
(0.292 0.1373324667 0)
(0 0.1500943962 0)
(0.01269565217 0.1500943962 0)
(0.02539130435 0.1500943962 0)
(0.03808695652 0.1500943962 0)
(0.0507826087 0.1500943962 0)
(0.06347826087 0.1500943962 0)
(0.07617391304 0.1500943962 0)
(0.08886956522 0.1500943962 0)
(0.1015652174 0.1500943962 0)
(0.1142608696 0.1500943962 0)
(0.1269565217 0.1500943962 0)
(0.1396521739 0.1500943962 0)
(0.1523478261 0.1500943962 0)
(0.1650434783 0.1500943962 0)
(0.1777391304 0.1500943962 0)
(0.1904347826 0.1500943962 0)
(0.2031304348 0.1500943962 0)
(0.215826087 0.1500943962 0)
(0.2285217391 0.1500943962 0)
(0.2412173913 0.1500943962 0)
(0.2539130435 0.1500943962 0)
(0.2666086957 0.1500943962 0)
(0.2793043478 0.1500943962 0)
(0.292 0.1500943962 0)
(0 0.1628563257 0)
(0.01269565217 0.1628563257 0)
(0.02539130435 0.1628563257 0)
(0.03808695652 0.1628563257 0)
(0.0507826087 0.1628563257 0)
(0.06347826087 0.1628563257 0)
(0.07617391304 0.1628563257 0)
(0.08886956522 0.1628563257 0)
(0.1015652174 0.1628563257 0)
(0.1142608696 0.1628563257 0)
(0.1269565217 0.1628563257 0)
(0.1396521739 0.1628563257 0)
(0.1523478261 0.1628563257 0)
(0.1650434783 0.1628563257 0)
(0.1777391304 0.1628563257 0)
(0.1904347826 0.1628563257 0)
(0.2031304348 0.1628563257 0)
(0.215826087 0.1628563257 0)
(0.2285217391 0.1628563257 0)
(0.2412173913 0.1628563257 0)
(0.2539130435 0.1628563257 0)
(0.2666086957 0.1628563257 0)
(0.2793043478 0.1628563257 0)
(0.292 0.1628563257 0)
(0 0.1756182552 0)
(0.01269565217 0.1756182552 0)
(0.02539130435 0.1756182552 0)
(0.03808695652 0.1756182552 0)
(0.0507826087 0.1756182552 0)
(0.06347826087 0.1756182552 0)
(0.07617391304 0.1756182552 0)
(0.08886956522 0.1756182552 0)
(0.1015652174 0.1756182552 0)
(0.1142608696 0.1756182552 0)
(0.1269565217 0.1756182552 0)
(0.1396521739 0.1756182552 0)
(0.1523478261 0.1756182552 0)
(0.1650434783 0.1756182552 0)
(0.1777391304 0.1756182552 0)
(0.1904347826 0.1756182552 0)
(0.2031304348 0.1756182552 0)
(0.215826087 0.1756182552 0)
(0.2285217391 0.1756182552 0)
(0.2412173913 0.1756182552 0)
(0.2539130435 0.1756182552 0)
(0.2666086957 0.1756182552 0)
(0.2793043478 0.1756182552 0)
(0.292 0.1756182552 0)
(0 0.1883801848 0)
(0.01269565217 0.1883801848 0)
(0.02539130435 0.1883801848 0)
(0.03808695652 0.1883801848 0)
(0.0507826087 0.1883801848 0)
(0.06347826087 0.1883801848 0)
(0.07617391304 0.1883801848 0)
(0.08886956522 0.1883801848 0)
(0.1015652174 0.1883801848 0)
(0.1142608696 0.1883801848 0)
(0.1269565217 0.1883801848 0)
(0.1396521739 0.1883801848 0)
(0.1523478261 0.1883801848 0)
(0.1650434783 0.1883801848 0)
(0.1777391304 0.1883801848 0)
(0.1904347826 0.1883801848 0)
(0.2031304348 0.1883801848 0)
(0.215826087 0.1883801848 0)
(0.2285217391 0.1883801848 0)
(0.2412173913 0.1883801848 0)
(0.2539130435 0.1883801848 0)
(0.2666086957 0.1883801848 0)
(0.2793043478 0.1883801848 0)
(0.292 0.1883801848 0)
(0 0.2011421143 0)
(0.01269565217 0.2011421143 0)
(0.02539130435 0.2011421143 0)
(0.03808695652 0.2011421143 0)
(0.0507826087 0.2011421143 0)
(0.06347826087 0.2011421143 0)
(0.07617391304 0.2011421143 0)
(0.08886956522 0.2011421143 0)
(0.1015652174 0.2011421143 0)
(0.1142608696 0.2011421143 0)
(0.1269565217 0.2011421143 0)
(0.1396521739 0.2011421143 0)
(0.1523478261 0.2011421143 0)
(0.1650434783 0.2011421143 0)
(0.1777391304 0.2011421143 0)
(0.1904347826 0.2011421143 0)
(0.2031304348 0.2011421143 0)
(0.215826087 0.2011421143 0)
(0.2285217391 0.2011421143 0)
(0.2412173913 0.2011421143 0)
(0.2539130435 0.2011421143 0)
(0.2666086957 0.2011421143 0)
(0.2793043478 0.2011421143 0)
(0.292 0.2011421143 0)
(0 0.2139040438 0)
(0.01269565217 0.2139040438 0)
(0.02539130435 0.2139040438 0)
(0.03808695652 0.2139040438 0)
(0.0507826087 0.2139040438 0)
(0.06347826087 0.2139040438 0)
(0.07617391304 0.2139040438 0)
(0.08886956522 0.2139040438 0)
(0.1015652174 0.2139040438 0)
(0.1142608696 0.2139040438 0)
(0.1269565217 0.2139040438 0)
(0.1396521739 0.2139040438 0)
(0.1523478261 0.2139040438 0)
(0.1650434783 0.2139040438 0)
(0.1777391304 0.2139040438 0)
(0.1904347826 0.2139040438 0)
(0.2031304348 0.2139040438 0)
(0.215826087 0.2139040438 0)
(0.2285217391 0.2139040438 0)
(0.2412173913 0.2139040438 0)
(0.2539130435 0.2139040438 0)
(0.2666086957 0.2139040438 0)
(0.2793043478 0.2139040438 0)
(0.292 0.2139040438 0)
(0 0.2266659733 0)
(0.01269565217 0.2266659733 0)
(0.02539130435 0.2266659733 0)
(0.03808695652 0.2266659733 0)
(0.0507826087 0.2266659733 0)
(0.06347826087 0.2266659733 0)
(0.07617391304 0.2266659733 0)
(0.08886956522 0.2266659733 0)
(0.1015652174 0.2266659733 0)
(0.1142608696 0.2266659733 0)
(0.1269565217 0.2266659733 0)
(0.1396521739 0.2266659733 0)
(0.1523478261 0.2266659733 0)
(0.1650434783 0.2266659733 0)
(0.1777391304 0.2266659733 0)
(0.1904347826 0.2266659733 0)
(0.2031304348 0.2266659733 0)
(0.215826087 0.2266659733 0)
(0.2285217391 0.2266659733 0)
(0.2412173913 0.2266659733 0)
(0.2539130435 0.2266659733 0)
(0.2666086957 0.2266659733 0)
(0.2793043478 0.2266659733 0)
(0.292 0.2266659733 0)
(0 0.2394279029 0)
(0.01269565217 0.2394279029 0)
(0.02539130435 0.2394279029 0)
(0.03808695652 0.2394279029 0)
(0.0507826087 0.2394279029 0)
(0.06347826087 0.2394279029 0)
(0.07617391304 0.2394279029 0)
(0.08886956522 0.2394279029 0)
(0.1015652174 0.2394279029 0)
(0.1142608696 0.2394279029 0)
(0.1269565217 0.2394279029 0)
(0.1396521739 0.2394279029 0)
(0.1523478261 0.2394279029 0)
(0.1650434783 0.2394279029 0)
(0.1777391304 0.2394279029 0)
(0.1904347826 0.2394279029 0)
(0.2031304348 0.2394279029 0)
(0.215826087 0.2394279029 0)
(0.2285217391 0.2394279029 0)
(0.2412173913 0.2394279029 0)
(0.2539130435 0.2394279029 0)
(0.2666086957 0.2394279029 0)
(0.2793043478 0.2394279029 0)
(0.292 0.2394279029 0)
(0 0.2521898324 0)
(0.01269565217 0.2521898324 0)
(0.02539130435 0.2521898324 0)
(0.03808695652 0.2521898324 0)
(0.0507826087 0.2521898324 0)
(0.06347826087 0.2521898324 0)
(0.07617391304 0.2521898324 0)
(0.08886956522 0.2521898324 0)
(0.1015652174 0.2521898324 0)
(0.1142608696 0.2521898324 0)
(0.1269565217 0.2521898324 0)
(0.1396521739 0.2521898324 0)
(0.1523478261 0.2521898324 0)
(0.1650434783 0.2521898324 0)
(0.1777391304 0.2521898324 0)
(0.1904347826 0.2521898324 0)
(0.2031304348 0.2521898324 0)
(0.215826087 0.2521898324 0)
(0.2285217391 0.2521898324 0)
(0.2412173913 0.2521898324 0)
(0.2539130435 0.2521898324 0)
(0.2666086957 0.2521898324 0)
(0.2793043478 0.2521898324 0)
(0.292 0.2521898324 0)
(0 0.2649517619 0)
(0.01269565217 0.2649517619 0)
(0.02539130435 0.2649517619 0)
(0.03808695652 0.2649517619 0)
(0.0507826087 0.2649517619 0)
(0.06347826087 0.2649517619 0)
(0.07617391304 0.2649517619 0)
(0.08886956522 0.2649517619 0)
(0.1015652174 0.2649517619 0)
(0.1142608696 0.2649517619 0)
(0.1269565217 0.2649517619 0)
(0.1396521739 0.2649517619 0)
(0.1523478261 0.2649517619 0)
(0.1650434783 0.2649517619 0)
(0.1777391304 0.2649517619 0)
(0.1904347826 0.2649517619 0)
(0.2031304348 0.2649517619 0)
(0.215826087 0.2649517619 0)
(0.2285217391 0.2649517619 0)
(0.2412173913 0.2649517619 0)
(0.2539130435 0.2649517619 0)
(0.2666086957 0.2649517619 0)
(0.2793043478 0.2649517619 0)
(0.292 0.2649517619 0)
(0 0.2777136914 0)
(0.01269565217 0.2777136914 0)
(0.02539130435 0.2777136914 0)
(0.03808695652 0.2777136914 0)
(0.0507826087 0.2777136914 0)
(0.06347826087 0.2777136914 0)
(0.07617391304 0.2777136914 0)
(0.08886956522 0.2777136914 0)
(0.1015652174 0.2777136914 0)
(0.1142608696 0.2777136914 0)
(0.1269565217 0.2777136914 0)
(0.1396521739 0.2777136914 0)
(0.1523478261 0.2777136914 0)
(0.1650434783 0.2777136914 0)
(0.1777391304 0.2777136914 0)
(0.1904347826 0.2777136914 0)
(0.2031304348 0.2777136914 0)
(0.215826087 0.2777136914 0)
(0.2285217391 0.2777136914 0)
(0.2412173913 0.2777136914 0)
(0.2539130435 0.2777136914 0)
(0.2666086957 0.2777136914 0)
(0.2793043478 0.2777136914 0)
(0.292 0.2777136914 0)
(0 0.290475621 0)
(0.01269565217 0.290475621 0)
(0.02539130435 0.290475621 0)
(0.03808695652 0.290475621 0)
(0.0507826087 0.290475621 0)
(0.06347826087 0.290475621 0)
(0.07617391304 0.290475621 0)
(0.08886956522 0.290475621 0)
(0.1015652174 0.290475621 0)
(0.1142608696 0.290475621 0)
(0.1269565217 0.290475621 0)
(0.1396521739 0.290475621 0)
(0.1523478261 0.290475621 0)
(0.1650434783 0.290475621 0)
(0.1777391304 0.290475621 0)
(0.1904347826 0.290475621 0)
(0.2031304348 0.290475621 0)
(0.215826087 0.290475621 0)
(0.2285217391 0.290475621 0)
(0.2412173913 0.290475621 0)
(0.2539130435 0.290475621 0)
(0.2666086957 0.290475621 0)
(0.2793043478 0.290475621 0)
(0.292 0.290475621 0)
(0 0.3032375505 0)
(0.01269565217 0.3032375505 0)
(0.02539130435 0.3032375505 0)
(0.03808695652 0.3032375505 0)
(0.0507826087 0.3032375505 0)
(0.06347826087 0.3032375505 0)
(0.07617391304 0.3032375505 0)
(0.08886956522 0.3032375505 0)
(0.1015652174 0.3032375505 0)
(0.1142608696 0.3032375505 0)
(0.1269565217 0.3032375505 0)
(0.1396521739 0.3032375505 0)
(0.1523478261 0.3032375505 0)
(0.1650434783 0.3032375505 0)
(0.1777391304 0.3032375505 0)
(0.1904347826 0.3032375505 0)
(0.2031304348 0.3032375505 0)
(0.215826087 0.3032375505 0)
(0.2285217391 0.3032375505 0)
(0.2412173913 0.3032375505 0)
(0.2539130435 0.3032375505 0)
(0.2666086957 0.3032375505 0)
(0.2793043478 0.3032375505 0)
(0.292 0.3032375505 0)
(0 0.31599948 0)
(0.01269565217 0.31599948 0)
(0.02539130435 0.31599948 0)
(0.03808695652 0.31599948 0)
(0.0507826087 0.31599948 0)
(0.06347826087 0.31599948 0)
(0.07617391304 0.31599948 0)
(0.08886956522 0.31599948 0)
(0.1015652174 0.31599948 0)
(0.1142608696 0.31599948 0)
(0.1269565217 0.31599948 0)
(0.1396521739 0.31599948 0)
(0.1523478261 0.31599948 0)
(0.1650434783 0.31599948 0)
(0.1777391304 0.31599948 0)
(0.1904347826 0.31599948 0)
(0.2031304348 0.31599948 0)
(0.215826087 0.31599948 0)
(0.2285217391 0.31599948 0)
(0.2412173913 0.31599948 0)
(0.2539130435 0.31599948 0)
(0.2666086957 0.31599948 0)
(0.2793043478 0.31599948 0)
(0.292 0.31599948 0)
(0 0.3287614095 0)
(0.01269565217 0.3287614095 0)
(0.02539130435 0.3287614095 0)
(0.03808695652 0.3287614095 0)
(0.0507826087 0.3287614095 0)
(0.06347826087 0.3287614095 0)
(0.07617391304 0.3287614095 0)
(0.08886956522 0.3287614095 0)
(0.1015652174 0.3287614095 0)
(0.1142608696 0.3287614095 0)
(0.1269565217 0.3287614095 0)
(0.1396521739 0.3287614095 0)
(0.1523478261 0.3287614095 0)
(0.1650434783 0.3287614095 0)
(0.1777391304 0.3287614095 0)
(0.1904347826 0.3287614095 0)
(0.2031304348 0.3287614095 0)
(0.215826087 0.3287614095 0)
(0.2285217391 0.3287614095 0)
(0.2412173913 0.3287614095 0)
(0.2539130435 0.3287614095 0)
(0.2666086957 0.3287614095 0)
(0.2793043478 0.3287614095 0)
(0.292 0.3287614095 0)
(0 0.341523339 0)
(0.01269565217 0.341523339 0)
(0.02539130435 0.341523339 0)
(0.03808695652 0.341523339 0)
(0.0507826087 0.341523339 0)
(0.06347826087 0.341523339 0)
(0.07617391304 0.341523339 0)
(0.08886956522 0.341523339 0)
(0.1015652174 0.341523339 0)
(0.1142608696 0.341523339 0)
(0.1269565217 0.341523339 0)
(0.1396521739 0.341523339 0)
(0.1523478261 0.341523339 0)
(0.1650434783 0.341523339 0)
(0.1777391304 0.341523339 0)
(0.1904347826 0.341523339 0)
(0.2031304348 0.341523339 0)
(0.215826087 0.341523339 0)
(0.2285217391 0.341523339 0)
(0.2412173913 0.341523339 0)
(0.2539130435 0.341523339 0)
(0.2666086957 0.341523339 0)
(0.2793043478 0.341523339 0)
(0.292 0.341523339 0)
(0 0.3542852686 0)
(0.01269565217 0.3542852686 0)
(0.02539130435 0.3542852686 0)
(0.03808695652 0.3542852686 0)
(0.0507826087 0.3542852686 0)
(0.06347826087 0.3542852686 0)
(0.07617391304 0.3542852686 0)
(0.08886956522 0.3542852686 0)
(0.1015652174 0.3542852686 0)
(0.1142608696 0.3542852686 0)
(0.1269565217 0.3542852686 0)
(0.1396521739 0.3542852686 0)
(0.1523478261 0.3542852686 0)
(0.1650434783 0.3542852686 0)
(0.1777391304 0.3542852686 0)
(0.1904347826 0.3542852686 0)
(0.2031304348 0.3542852686 0)
(0.215826087 0.3542852686 0)
(0.2285217391 0.3542852686 0)
(0.2412173913 0.3542852686 0)
(0.2539130435 0.3542852686 0)
(0.2666086957 0.3542852686 0)
(0.2793043478 0.3542852686 0)
(0.292 0.3542852686 0)
(0 0.3670471981 0)
(0.01269565217 0.3670471981 0)
(0.02539130435 0.3670471981 0)
(0.03808695652 0.3670471981 0)
(0.0507826087 0.3670471981 0)
(0.06347826087 0.3670471981 0)
(0.07617391304 0.3670471981 0)
(0.08886956522 0.3670471981 0)
(0.1015652174 0.3670471981 0)
(0.1142608696 0.3670471981 0)
(0.1269565217 0.3670471981 0)
(0.1396521739 0.3670471981 0)
(0.1523478261 0.3670471981 0)
(0.1650434783 0.3670471981 0)
(0.1777391304 0.3670471981 0)
(0.1904347826 0.3670471981 0)
(0.2031304348 0.3670471981 0)
(0.215826087 0.3670471981 0)
(0.2285217391 0.3670471981 0)
(0.2412173913 0.3670471981 0)
(0.2539130435 0.3670471981 0)
(0.2666086957 0.3670471981 0)
(0.2793043478 0.3670471981 0)
(0.292 0.3670471981 0)
(0 0.3798091276 0)
(0.01269565217 0.3798091276 0)
(0.02539130435 0.3798091276 0)
(0.03808695652 0.3798091276 0)
(0.0507826087 0.3798091276 0)
(0.06347826087 0.3798091276 0)
(0.07617391304 0.3798091276 0)
(0.08886956522 0.3798091276 0)
(0.1015652174 0.3798091276 0)
(0.1142608696 0.3798091276 0)
(0.1269565217 0.3798091276 0)
(0.1396521739 0.3798091276 0)
(0.1523478261 0.3798091276 0)
(0.1650434783 0.3798091276 0)
(0.1777391304 0.3798091276 0)
(0.1904347826 0.3798091276 0)
(0.2031304348 0.3798091276 0)
(0.215826087 0.3798091276 0)
(0.2285217391 0.3798091276 0)
(0.2412173913 0.3798091276 0)
(0.2539130435 0.3798091276 0)
(0.2666086957 0.3798091276 0)
(0.2793043478 0.3798091276 0)
(0.292 0.3798091276 0)
(0 0.3925710571 0)
(0.01269565217 0.3925710571 0)
(0.02539130435 0.3925710571 0)
(0.03808695652 0.3925710571 0)
(0.0507826087 0.3925710571 0)
(0.06347826087 0.3925710571 0)
(0.07617391304 0.3925710571 0)
(0.08886956522 0.3925710571 0)
(0.1015652174 0.3925710571 0)
(0.1142608696 0.3925710571 0)
(0.1269565217 0.3925710571 0)
(0.1396521739 0.3925710571 0)
(0.1523478261 0.3925710571 0)
(0.1650434783 0.3925710571 0)
(0.1777391304 0.3925710571 0)
(0.1904347826 0.3925710571 0)
(0.2031304348 0.3925710571 0)
(0.215826087 0.3925710571 0)
(0.2285217391 0.3925710571 0)
(0.2412173913 0.3925710571 0)
(0.2539130435 0.3925710571 0)
(0.2666086957 0.3925710571 0)
(0.2793043478 0.3925710571 0)
(0 0.4053329867 0)
(0.01269565217 0.4053329867 0)
(0.02539130435 0.4053329867 0)
(0.03808695652 0.4053329867 0)
(0.0507826087 0.4053329867 0)
(0.06347826087 0.4053329867 0)
(0.07617391304 0.4053329867 0)
(0.08886956522 0.4053329867 0)
(0.1015652174 0.4053329867 0)
(0.1142608696 0.4053329867 0)
(0.1269565217 0.4053329867 0)
(0.1396521739 0.4053329867 0)
(0.1523478261 0.4053329867 0)
(0.1650434783 0.4053329867 0)
(0.1777391304 0.4053329867 0)
(0.1904347826 0.4053329867 0)
(0.2031304348 0.4053329867 0)
(0.215826087 0.4053329867 0)
(0.2285217391 0.4053329867 0)
(0.2412173913 0.4053329867 0)
(0.2539130435 0.4053329867 0)
(0.2666086957 0.4053329867 0)
(0.2793043478 0.4053329867 0)
(0 0.4180949162 0)
(0.01269565217 0.4180949162 0)
(0.02539130435 0.4180949162 0)
(0.03808695652 0.4180949162 0)
(0.0507826087 0.4180949162 0)
(0.06347826087 0.4180949162 0)
(0.07617391304 0.4180949162 0)
(0.08886956522 0.4180949162 0)
(0.1015652174 0.4180949162 0)
(0.1142608696 0.4180949162 0)
(0.1269565217 0.4180949162 0)
(0.1396521739 0.4180949162 0)
(0.1523478261 0.4180949162 0)
(0.1650434783 0.4180949162 0)
(0.1777391304 0.4180949162 0)
(0.1904347826 0.4180949162 0)
(0.2031304348 0.4180949162 0)
(0.215826087 0.4180949162 0)
(0.2285217391 0.4180949162 0)
(0.2412173913 0.4180949162 0)
(0.2539130435 0.4180949162 0)
(0.2666086957 0.4180949162 0)
(0.2793043478 0.4180949162 0)
(0 0.4308568457 0)
(0.01269565217 0.4308568457 0)
(0.02539130435 0.4308568457 0)
(0.03808695652 0.4308568457 0)
(0.0507826087 0.4308568457 0)
(0.06347826087 0.4308568457 0)
(0.07617391304 0.4308568457 0)
(0.08886956522 0.4308568457 0)
(0.1015652174 0.4308568457 0)
(0.1142608696 0.4308568457 0)
(0.1269565217 0.4308568457 0)
(0.1396521739 0.4308568457 0)
(0.1523478261 0.4308568457 0)
(0.1650434783 0.4308568457 0)
(0.1777391304 0.4308568457 0)
(0.1904347826 0.4308568457 0)
(0.2031304348 0.4308568457 0)
(0.215826087 0.4308568457 0)
(0.2285217391 0.4308568457 0)
(0.2412173913 0.4308568457 0)
(0.2539130435 0.4308568457 0)
(0.2666086957 0.4308568457 0)
(0.2793043478 0.4308568457 0)
(0 0.4436187752 0)
(0.01269565217 0.4436187752 0)
(0.02539130435 0.4436187752 0)
(0.03808695652 0.4436187752 0)
(0.0507826087 0.4436187752 0)
(0.06347826087 0.4436187752 0)
(0.07617391304 0.4436187752 0)
(0.08886956522 0.4436187752 0)
(0.1015652174 0.4436187752 0)
(0.1142608696 0.4436187752 0)
(0.1269565217 0.4436187752 0)
(0.1396521739 0.4436187752 0)
(0.1523478261 0.4436187752 0)
(0.1650434783 0.4436187752 0)
(0.1777391304 0.4436187752 0)
(0.1904347826 0.4436187752 0)
(0.2031304348 0.4436187752 0)
(0.215826087 0.4436187752 0)
(0.2285217391 0.4436187752 0)
(0.2412173913 0.4436187752 0)
(0.2539130435 0.4436187752 0)
(0.2666086957 0.4436187752 0)
(0.2793043478 0.4436187752 0)
(0 0.4563807048 0)
(0.01269565217 0.4563807048 0)
(0.02539130435 0.4563807048 0)
(0.03808695652 0.4563807048 0)
(0.0507826087 0.4563807048 0)
(0.06347826087 0.4563807048 0)
(0.07617391304 0.4563807048 0)
(0.08886956522 0.4563807048 0)
(0.1015652174 0.4563807048 0)
(0.1142608696 0.4563807048 0)
(0.1269565217 0.4563807048 0)
(0.1396521739 0.4563807048 0)
(0.1523478261 0.4563807048 0)
(0.1650434783 0.4563807048 0)
(0.1777391304 0.4563807048 0)
(0.1904347826 0.4563807048 0)
(0.2031304348 0.4563807048 0)
(0.215826087 0.4563807048 0)
(0.2285217391 0.4563807048 0)
(0.2412173913 0.4563807048 0)
(0.2539130435 0.4563807048 0)
(0.2666086957 0.4563807048 0)
(0.2793043478 0.4563807048 0)
(0 0.4691426343 0)
(0.01269565217 0.4691426343 0)
(0.02539130435 0.4691426343 0)
(0.03808695652 0.4691426343 0)
(0.0507826087 0.4691426343 0)
(0.06347826087 0.4691426343 0)
(0.07617391304 0.4691426343 0)
(0.08886956522 0.4691426343 0)
(0.1015652174 0.4691426343 0)
(0.1142608696 0.4691426343 0)
(0.1269565217 0.4691426343 0)
(0.1396521739 0.4691426343 0)
(0.1523478261 0.4691426343 0)
(0.1650434783 0.4691426343 0)
(0.1777391304 0.4691426343 0)
(0.1904347826 0.4691426343 0)
(0.2031304348 0.4691426343 0)
(0.215826087 0.4691426343 0)
(0.2285217391 0.4691426343 0)
(0.2412173913 0.4691426343 0)
(0.2539130435 0.4691426343 0)
(0.2666086957 0.4691426343 0)
(0.2793043478 0.4691426343 0)
(0 0.4819045638 0)
(0.01269565217 0.4819045638 0)
(0.02539130435 0.4819045638 0)
(0.03808695652 0.4819045638 0)
(0.0507826087 0.4819045638 0)
(0.06347826087 0.4819045638 0)
(0.07617391304 0.4819045638 0)
(0.08886956522 0.4819045638 0)
(0.1015652174 0.4819045638 0)
(0.1142608696 0.4819045638 0)
(0.1269565217 0.4819045638 0)
(0.1396521739 0.4819045638 0)
(0.1523478261 0.4819045638 0)
(0.1650434783 0.4819045638 0)
(0.1777391304 0.4819045638 0)
(0.1904347826 0.4819045638 0)
(0.2031304348 0.4819045638 0)
(0.215826087 0.4819045638 0)
(0.2285217391 0.4819045638 0)
(0.2412173913 0.4819045638 0)
(0.2539130435 0.4819045638 0)
(0.2666086957 0.4819045638 0)
(0.2793043478 0.4819045638 0)
(0 0.4946664933 0)
(0.01269565217 0.4946664933 0)
(0.02539130435 0.4946664933 0)
(0.03808695652 0.4946664933 0)
(0.0507826087 0.4946664933 0)
(0.06347826087 0.4946664933 0)
(0.07617391304 0.4946664933 0)
(0.08886956522 0.4946664933 0)
(0.1015652174 0.4946664933 0)
(0.1142608696 0.4946664933 0)
(0.1269565217 0.4946664933 0)
(0.1396521739 0.4946664933 0)
(0.1523478261 0.4946664933 0)
(0.1650434783 0.4946664933 0)
(0.1777391304 0.4946664933 0)
(0.1904347826 0.4946664933 0)
(0.2031304348 0.4946664933 0)
(0.215826087 0.4946664933 0)
(0.2285217391 0.4946664933 0)
(0.2412173913 0.4946664933 0)
(0.2539130435 0.4946664933 0)
(0.2666086957 0.4946664933 0)
(0.2793043478 0.4946664933 0)
(0 0.5074284229 0)
(0.01269565217 0.5074284229 0)
(0.02539130435 0.5074284229 0)
(0.03808695652 0.5074284229 0)
(0.0507826087 0.5074284229 0)
(0.06347826087 0.5074284229 0)
(0.07617391304 0.5074284229 0)
(0.08886956522 0.5074284229 0)
(0.1015652174 0.5074284229 0)
(0.1142608696 0.5074284229 0)
(0.1269565217 0.5074284229 0)
(0.1396521739 0.5074284229 0)
(0.1523478261 0.5074284229 0)
(0.1650434783 0.5074284229 0)
(0.1777391304 0.5074284229 0)
(0.1904347826 0.5074284229 0)
(0.2031304348 0.5074284229 0)
(0.215826087 0.5074284229 0)
(0.2285217391 0.5074284229 0)
(0.2412173913 0.5074284229 0)
(0.2539130435 0.5074284229 0)
(0.2666086957 0.5074284229 0)
(0.2793043478 0.5074284229 0)
(0 0.5201903524 0)
(0.01269565217 0.5201903524 0)
(0.02539130435 0.5201903524 0)
(0.03808695652 0.5201903524 0)
(0.0507826087 0.5201903524 0)
(0.06347826087 0.5201903524 0)
(0.07617391304 0.5201903524 0)
(0.08886956522 0.5201903524 0)
(0.1015652174 0.5201903524 0)
(0.1142608696 0.5201903524 0)
(0.1269565217 0.5201903524 0)
(0.1396521739 0.5201903524 0)
(0.1523478261 0.5201903524 0)
(0.1650434783 0.5201903524 0)
(0.1777391304 0.5201903524 0)
(0.1904347826 0.5201903524 0)
(0.2031304348 0.5201903524 0)
(0.215826087 0.5201903524 0)
(0.2285217391 0.5201903524 0)
(0.2412173913 0.5201903524 0)
(0.2539130435 0.5201903524 0)
(0.2666086957 0.5201903524 0)
(0.2793043478 0.5201903524 0)
(0 0.5329522819 0)
(0.01269565217 0.5329522819 0)
(0.02539130435 0.5329522819 0)
(0.03808695652 0.5329522819 0)
(0.0507826087 0.5329522819 0)
(0.06347826087 0.5329522819 0)
(0.07617391304 0.5329522819 0)
(0.08886956522 0.5329522819 0)
(0.1015652174 0.5329522819 0)
(0.1142608696 0.5329522819 0)
(0.1269565217 0.5329522819 0)
(0.1396521739 0.5329522819 0)
(0.1523478261 0.5329522819 0)
(0.1650434783 0.5329522819 0)
(0.1777391304 0.5329522819 0)
(0.1904347826 0.5329522819 0)
(0.2031304348 0.5329522819 0)
(0.215826087 0.5329522819 0)
(0.2285217391 0.5329522819 0)
(0.2412173913 0.5329522819 0)
(0.2539130435 0.5329522819 0)
(0.2666086957 0.5329522819 0)
(0.2793043478 0.5329522819 0)
(0 0.5457142114 0)
(0.01269565217 0.5457142114 0)
(0.02539130435 0.5457142114 0)
(0.03808695652 0.5457142114 0)
(0.0507826087 0.5457142114 0)
(0.06347826087 0.5457142114 0)
(0.07617391304 0.5457142114 0)
(0.08886956522 0.5457142114 0)
(0.1015652174 0.5457142114 0)
(0.1142608696 0.5457142114 0)
(0.1269565217 0.5457142114 0)
(0.1396521739 0.5457142114 0)
(0.1523478261 0.5457142114 0)
(0.1650434783 0.5457142114 0)
(0.1777391304 0.5457142114 0)
(0.1904347826 0.5457142114 0)
(0.2031304348 0.5457142114 0)
(0.215826087 0.5457142114 0)
(0.2285217391 0.5457142114 0)
(0.2412173913 0.5457142114 0)
(0.2539130435 0.5457142114 0)
(0.2666086957 0.5457142114 0)
(0.2793043478 0.5457142114 0)
(0 0.558476141 0)
(0.01269565217 0.558476141 0)
(0.02539130435 0.558476141 0)
(0.03808695652 0.558476141 0)
(0.0507826087 0.558476141 0)
(0.06347826087 0.558476141 0)
(0.07617391304 0.558476141 0)
(0.08886956522 0.558476141 0)
(0.1015652174 0.558476141 0)
(0.1142608696 0.558476141 0)
(0.1269565217 0.558476141 0)
(0.1396521739 0.558476141 0)
(0.1523478261 0.558476141 0)
(0.1650434783 0.558476141 0)
(0.1777391304 0.558476141 0)
(0.1904347826 0.558476141 0)
(0.2031304348 0.558476141 0)
(0.215826087 0.558476141 0)
(0.2285217391 0.558476141 0)
(0.2412173913 0.558476141 0)
(0.2539130435 0.558476141 0)
(0.2666086957 0.558476141 0)
(0.2793043478 0.558476141 0)
(0 0.5712380705 0)
(0.01269565217 0.5712380705 0)
(0.02539130435 0.5712380705 0)
(0.03808695652 0.5712380705 0)
(0.0507826087 0.5712380705 0)
(0.06347826087 0.5712380705 0)
(0.07617391304 0.5712380705 0)
(0.08886956522 0.5712380705 0)
(0.1015652174 0.5712380705 0)
(0.1142608696 0.5712380705 0)
(0.1269565217 0.5712380705 0)
(0.1396521739 0.5712380705 0)
(0.1523478261 0.5712380705 0)
(0.1650434783 0.5712380705 0)
(0.1777391304 0.5712380705 0)
(0.1904347826 0.5712380705 0)
(0.2031304348 0.5712380705 0)
(0.215826087 0.5712380705 0)
(0.2285217391 0.5712380705 0)
(0.2412173913 0.5712380705 0)
(0.2539130435 0.5712380705 0)
(0.2666086957 0.5712380705 0)
(0.2793043478 0.5712380705 0)
(0 0.584 0)
(0.01269565217 0.584 0)
(0.02539130435 0.584 0)
(0.03808695652 0.584 0)
(0.0507826087 0.584 0)
(0.06347826087 0.584 0)
(0.07617391304 0.584 0)
(0.08886956522 0.584 0)
(0.1015652174 0.584 0)
(0.1142608696 0.584 0)
(0.1269565217 0.584 0)
(0.1396521739 0.584 0)
(0.1523478261 0.584 0)
(0.1650434783 0.584 0)
(0.1777391304 0.584 0)
(0.1904347826 0.584 0)
(0.2031304348 0.584 0)
(0.215826087 0.584 0)
(0.2285217391 0.584 0)
(0.2412173913 0.584 0)
(0.2539130435 0.584 0)
(0.2666086957 0.584 0)
(0.2793043478 0.584 0)
(0 0.06076088952 0.0146)
(0.01269565217 0.06076088952 0.0146)
(0.02539130435 0.06076088952 0.0146)
(0.03808695652 0.06076088952 0.0146)
(0.0507826087 0.06076088952 0.0146)
(0.06347826087 0.06076088952 0.0146)
(0.07617391304 0.06076088952 0.0146)
(0.08886956522 0.06076088952 0.0146)
(0.1015652174 0.06076088952 0.0146)
(0.1142608696 0.06076088952 0.0146)
(0.1269565217 0.06076088952 0.0146)
(0.1396521739 0.06076088952 0.0146)
(0.1523478261 0.06076088952 0.0146)
(0.1650434783 0.06076088952 0.0146)
(0.1777391304 0.06076088952 0.0146)
(0.1904347826 0.06076088952 0.0146)
(0.2031304348 0.06076088952 0.0146)
(0.215826087 0.06076088952 0.0146)
(0.2285217391 0.06076088952 0.0146)
(0.2412173913 0.06076088952 0.0146)
(0.2539130435 0.06076088952 0.0146)
(0.2666086957 0.06076088952 0.0146)
(0.2793043478 0.06076088952 0.0146)
(0.292 0.06076088952 0.0146)
(0 0.07352281905 0.0146)
(0.01269565217 0.07352281905 0.0146)
(0.02539130435 0.07352281905 0.0146)
(0.03808695652 0.07352281905 0.0146)
(0.0507826087 0.07352281905 0.0146)
(0.06347826087 0.07352281905 0.0146)
(0.07617391304 0.07352281905 0.0146)
(0.08886956522 0.07352281905 0.0146)
(0.1015652174 0.07352281905 0.0146)
(0.1142608696 0.07352281905 0.0146)
(0.1269565217 0.07352281905 0.0146)
(0.1396521739 0.07352281905 0.0146)
(0.1523478261 0.07352281905 0.0146)
(0.1650434783 0.07352281905 0.0146)
(0.1777391304 0.07352281905 0.0146)
(0.1904347826 0.07352281905 0.0146)
(0.2031304348 0.07352281905 0.0146)
(0.215826087 0.07352281905 0.0146)
(0.2285217391 0.07352281905 0.0146)
(0.2412173913 0.07352281905 0.0146)
(0.2539130435 0.07352281905 0.0146)
(0.2666086957 0.07352281905 0.0146)
(0.2793043478 0.07352281905 0.0146)
(0.292 0.07352281905 0.0146)
(0 0.08628474857 0.0146)
(0.01269565217 0.08628474857 0.0146)
(0.02539130435 0.08628474857 0.0146)
(0.03808695652 0.08628474857 0.0146)
(0.0507826087 0.08628474857 0.0146)
(0.06347826087 0.08628474857 0.0146)
(0.07617391304 0.08628474857 0.0146)
(0.08886956522 0.08628474857 0.0146)
(0.1015652174 0.08628474857 0.0146)
(0.1142608696 0.08628474857 0.0146)
(0.1269565217 0.08628474857 0.0146)
(0.1396521739 0.08628474857 0.0146)
(0.1523478261 0.08628474857 0.0146)
(0.1650434783 0.08628474857 0.0146)
(0.1777391304 0.08628474857 0.0146)
(0.1904347826 0.08628474857 0.0146)
(0.2031304348 0.08628474857 0.0146)
(0.215826087 0.08628474857 0.0146)
(0.2285217391 0.08628474857 0.0146)
(0.2412173913 0.08628474857 0.0146)
(0.2539130435 0.08628474857 0.0146)
(0.2666086957 0.08628474857 0.0146)
(0.2793043478 0.08628474857 0.0146)
(0.292 0.08628474857 0.0146)
(0 0.0990466781 0.0146)
(0.01269565217 0.0990466781 0.0146)
(0.02539130435 0.0990466781 0.0146)
(0.03808695652 0.0990466781 0.0146)
(0.0507826087 0.0990466781 0.0146)
(0.06347826087 0.0990466781 0.0146)
(0.07617391304 0.0990466781 0.0146)
(0.08886956522 0.0990466781 0.0146)
(0.1015652174 0.0990466781 0.0146)
(0.1142608696 0.0990466781 0.0146)
(0.1269565217 0.0990466781 0.0146)
(0.1396521739 0.0990466781 0.0146)
(0.1523478261 0.0990466781 0.0146)
(0.1650434783 0.0990466781 0.0146)
(0.1777391304 0.0990466781 0.0146)
(0.1904347826 0.0990466781 0.0146)
(0.2031304348 0.0990466781 0.0146)
(0.215826087 0.0990466781 0.0146)
(0.2285217391 0.0990466781 0.0146)
(0.2412173913 0.0990466781 0.0146)
(0.2539130435 0.0990466781 0.0146)
(0.2666086957 0.0990466781 0.0146)
(0.2793043478 0.0990466781 0.0146)
(0.292 0.0990466781 0.0146)
(0 0.1118086076 0.0146)
(0.01269565217 0.1118086076 0.0146)
(0.02539130435 0.1118086076 0.0146)
(0.03808695652 0.1118086076 0.0146)
(0.0507826087 0.1118086076 0.0146)
(0.06347826087 0.1118086076 0.0146)
(0.07617391304 0.1118086076 0.0146)
(0.08886956522 0.1118086076 0.0146)
(0.1015652174 0.1118086076 0.0146)
(0.1142608696 0.1118086076 0.0146)
(0.1269565217 0.1118086076 0.0146)
(0.1396521739 0.1118086076 0.0146)
(0.1523478261 0.1118086076 0.0146)
(0.1650434783 0.1118086076 0.0146)
(0.1777391304 0.1118086076 0.0146)
(0.1904347826 0.1118086076 0.0146)
(0.2031304348 0.1118086076 0.0146)
(0.215826087 0.1118086076 0.0146)
(0.2285217391 0.1118086076 0.0146)
(0.2412173913 0.1118086076 0.0146)
(0.2539130435 0.1118086076 0.0146)
(0.2666086957 0.1118086076 0.0146)
(0.2793043478 0.1118086076 0.0146)
(0.292 0.1118086076 0.0146)
(0 0.1245705371 0.0146)
(0.01269565217 0.1245705371 0.0146)
(0.02539130435 0.1245705371 0.0146)
(0.03808695652 0.1245705371 0.0146)
(0.0507826087 0.1245705371 0.0146)
(0.06347826087 0.1245705371 0.0146)
(0.07617391304 0.1245705371 0.0146)
(0.08886956522 0.1245705371 0.0146)
(0.1015652174 0.1245705371 0.0146)
(0.1142608696 0.1245705371 0.0146)
(0.1269565217 0.1245705371 0.0146)
(0.1396521739 0.1245705371 0.0146)
(0.1523478261 0.1245705371 0.0146)
(0.1650434783 0.1245705371 0.0146)
(0.1777391304 0.1245705371 0.0146)
(0.1904347826 0.1245705371 0.0146)
(0.2031304348 0.1245705371 0.0146)
(0.215826087 0.1245705371 0.0146)
(0.2285217391 0.1245705371 0.0146)
(0.2412173913 0.1245705371 0.0146)
(0.2539130435 0.1245705371 0.0146)
(0.2666086957 0.1245705371 0.0146)
(0.2793043478 0.1245705371 0.0146)
(0.292 0.1245705371 0.0146)
(0 0.1373324667 0.0146)
(0.01269565217 0.1373324667 0.0146)
(0.02539130435 0.1373324667 0.0146)
(0.03808695652 0.1373324667 0.0146)
(0.0507826087 0.1373324667 0.0146)
(0.06347826087 0.1373324667 0.0146)
(0.07617391304 0.1373324667 0.0146)
(0.08886956522 0.1373324667 0.0146)
(0.1015652174 0.1373324667 0.0146)
(0.1142608696 0.1373324667 0.0146)
(0.1269565217 0.1373324667 0.0146)
(0.1396521739 0.1373324667 0.0146)
(0.1523478261 0.1373324667 0.0146)
(0.1650434783 0.1373324667 0.0146)
(0.1777391304 0.1373324667 0.0146)
(0.1904347826 0.1373324667 0.0146)
(0.2031304348 0.1373324667 0.0146)
(0.215826087 0.1373324667 0.0146)
(0.2285217391 0.1373324667 0.0146)
(0.2412173913 0.1373324667 0.0146)
(0.2539130435 0.1373324667 0.0146)
(0.2666086957 0.1373324667 0.0146)
(0.2793043478 0.1373324667 0.0146)
(0.292 0.1373324667 0.0146)
(0 0.1500943962 0.0146)
(0.01269565217 0.1500943962 0.0146)
(0.02539130435 0.1500943962 0.0146)
(0.03808695652 0.1500943962 0.0146)
(0.0507826087 0.1500943962 0.0146)
(0.06347826087 0.1500943962 0.0146)
(0.07617391304 0.1500943962 0.0146)
(0.08886956522 0.1500943962 0.0146)
(0.1015652174 0.1500943962 0.0146)
(0.1142608696 0.1500943962 0.0146)
(0.1269565217 0.1500943962 0.0146)
(0.1396521739 0.1500943962 0.0146)
(0.1523478261 0.1500943962 0.0146)
(0.1650434783 0.1500943962 0.0146)
(0.1777391304 0.1500943962 0.0146)
(0.1904347826 0.1500943962 0.0146)
(0.2031304348 0.1500943962 0.0146)
(0.215826087 0.1500943962 0.0146)
(0.2285217391 0.1500943962 0.0146)
(0.2412173913 0.1500943962 0.0146)
(0.2539130435 0.1500943962 0.0146)
(0.2666086957 0.1500943962 0.0146)
(0.2793043478 0.1500943962 0.0146)
(0.292 0.1500943962 0.0146)
(0 0.1628563257 0.0146)
(0.01269565217 0.1628563257 0.0146)
(0.02539130435 0.1628563257 0.0146)
(0.03808695652 0.1628563257 0.0146)
(0.0507826087 0.1628563257 0.0146)
(0.06347826087 0.1628563257 0.0146)
(0.07617391304 0.1628563257 0.0146)
(0.08886956522 0.1628563257 0.0146)
(0.1015652174 0.1628563257 0.0146)
(0.1142608696 0.1628563257 0.0146)
(0.1269565217 0.1628563257 0.0146)
(0.1396521739 0.1628563257 0.0146)
(0.1523478261 0.1628563257 0.0146)
(0.1650434783 0.1628563257 0.0146)
(0.1777391304 0.1628563257 0.0146)
(0.1904347826 0.1628563257 0.0146)
(0.2031304348 0.1628563257 0.0146)
(0.215826087 0.1628563257 0.0146)
(0.2285217391 0.1628563257 0.0146)
(0.2412173913 0.1628563257 0.0146)
(0.2539130435 0.1628563257 0.0146)
(0.2666086957 0.1628563257 0.0146)
(0.2793043478 0.1628563257 0.0146)
(0.292 0.1628563257 0.0146)
(0 0.1756182552 0.0146)
(0.01269565217 0.1756182552 0.0146)
(0.02539130435 0.1756182552 0.0146)
(0.03808695652 0.1756182552 0.0146)
(0.0507826087 0.1756182552 0.0146)
(0.06347826087 0.1756182552 0.0146)
(0.07617391304 0.1756182552 0.0146)
(0.08886956522 0.1756182552 0.0146)
(0.1015652174 0.1756182552 0.0146)
(0.1142608696 0.1756182552 0.0146)
(0.1269565217 0.1756182552 0.0146)
(0.1396521739 0.1756182552 0.0146)
(0.1523478261 0.1756182552 0.0146)
(0.1650434783 0.1756182552 0.0146)
(0.1777391304 0.1756182552 0.0146)
(0.1904347826 0.1756182552 0.0146)
(0.2031304348 0.1756182552 0.0146)
(0.215826087 0.1756182552 0.0146)
(0.2285217391 0.1756182552 0.0146)
(0.2412173913 0.1756182552 0.0146)
(0.2539130435 0.1756182552 0.0146)
(0.2666086957 0.1756182552 0.0146)
(0.2793043478 0.1756182552 0.0146)
(0.292 0.1756182552 0.0146)
(0 0.1883801848 0.0146)
(0.01269565217 0.1883801848 0.0146)
(0.02539130435 0.1883801848 0.0146)
(0.03808695652 0.1883801848 0.0146)
(0.0507826087 0.1883801848 0.0146)
(0.06347826087 0.1883801848 0.0146)
(0.07617391304 0.1883801848 0.0146)
(0.08886956522 0.1883801848 0.0146)
(0.1015652174 0.1883801848 0.0146)
(0.1142608696 0.1883801848 0.0146)
(0.1269565217 0.1883801848 0.0146)
(0.1396521739 0.1883801848 0.0146)
(0.1523478261 0.1883801848 0.0146)
(0.1650434783 0.1883801848 0.0146)
(0.1777391304 0.1883801848 0.0146)
(0.1904347826 0.1883801848 0.0146)
(0.2031304348 0.1883801848 0.0146)
(0.215826087 0.1883801848 0.0146)
(0.2285217391 0.1883801848 0.0146)
(0.2412173913 0.1883801848 0.0146)
(0.2539130435 0.1883801848 0.0146)
(0.2666086957 0.1883801848 0.0146)
(0.2793043478 0.1883801848 0.0146)
(0.292 0.1883801848 0.0146)
(0 0.2011421143 0.0146)
(0.01269565217 0.2011421143 0.0146)
(0.02539130435 0.2011421143 0.0146)
(0.03808695652 0.2011421143 0.0146)
(0.0507826087 0.2011421143 0.0146)
(0.06347826087 0.2011421143 0.0146)
(0.07617391304 0.2011421143 0.0146)
(0.08886956522 0.2011421143 0.0146)
(0.1015652174 0.2011421143 0.0146)
(0.1142608696 0.2011421143 0.0146)
(0.1269565217 0.2011421143 0.0146)
(0.1396521739 0.2011421143 0.0146)
(0.1523478261 0.2011421143 0.0146)
(0.1650434783 0.2011421143 0.0146)
(0.1777391304 0.2011421143 0.0146)
(0.1904347826 0.2011421143 0.0146)
(0.2031304348 0.2011421143 0.0146)
(0.215826087 0.2011421143 0.0146)
(0.2285217391 0.2011421143 0.0146)
(0.2412173913 0.2011421143 0.0146)
(0.2539130435 0.2011421143 0.0146)
(0.2666086957 0.2011421143 0.0146)
(0.2793043478 0.2011421143 0.0146)
(0.292 0.2011421143 0.0146)
(0 0.2139040438 0.0146)
(0.01269565217 0.2139040438 0.0146)
(0.02539130435 0.2139040438 0.0146)
(0.03808695652 0.2139040438 0.0146)
(0.0507826087 0.2139040438 0.0146)
(0.06347826087 0.2139040438 0.0146)
(0.07617391304 0.2139040438 0.0146)
(0.08886956522 0.2139040438 0.0146)
(0.1015652174 0.2139040438 0.0146)
(0.1142608696 0.2139040438 0.0146)
(0.1269565217 0.2139040438 0.0146)
(0.1396521739 0.2139040438 0.0146)
(0.1523478261 0.2139040438 0.0146)
(0.1650434783 0.2139040438 0.0146)
(0.1777391304 0.2139040438 0.0146)
(0.1904347826 0.2139040438 0.0146)
(0.2031304348 0.2139040438 0.0146)
(0.215826087 0.2139040438 0.0146)
(0.2285217391 0.2139040438 0.0146)
(0.2412173913 0.2139040438 0.0146)
(0.2539130435 0.2139040438 0.0146)
(0.2666086957 0.2139040438 0.0146)
(0.2793043478 0.2139040438 0.0146)
(0.292 0.2139040438 0.0146)
(0 0.2266659733 0.0146)
(0.01269565217 0.2266659733 0.0146)
(0.02539130435 0.2266659733 0.0146)
(0.03808695652 0.2266659733 0.0146)
(0.0507826087 0.2266659733 0.0146)
(0.06347826087 0.2266659733 0.0146)
(0.07617391304 0.2266659733 0.0146)
(0.08886956522 0.2266659733 0.0146)
(0.1015652174 0.2266659733 0.0146)
(0.1142608696 0.2266659733 0.0146)
(0.1269565217 0.2266659733 0.0146)
(0.1396521739 0.2266659733 0.0146)
(0.1523478261 0.2266659733 0.0146)
(0.1650434783 0.2266659733 0.0146)
(0.1777391304 0.2266659733 0.0146)
(0.1904347826 0.2266659733 0.0146)
(0.2031304348 0.2266659733 0.0146)
(0.215826087 0.2266659733 0.0146)
(0.2285217391 0.2266659733 0.0146)
(0.2412173913 0.2266659733 0.0146)
(0.2539130435 0.2266659733 0.0146)
(0.2666086957 0.2266659733 0.0146)
(0.2793043478 0.2266659733 0.0146)
(0.292 0.2266659733 0.0146)
(0 0.2394279029 0.0146)
(0.01269565217 0.2394279029 0.0146)
(0.02539130435 0.2394279029 0.0146)
(0.03808695652 0.2394279029 0.0146)
(0.0507826087 0.2394279029 0.0146)
(0.06347826087 0.2394279029 0.0146)
(0.07617391304 0.2394279029 0.0146)
(0.08886956522 0.2394279029 0.0146)
(0.1015652174 0.2394279029 0.0146)
(0.1142608696 0.2394279029 0.0146)
(0.1269565217 0.2394279029 0.0146)
(0.1396521739 0.2394279029 0.0146)
(0.1523478261 0.2394279029 0.0146)
(0.1650434783 0.2394279029 0.0146)
(0.1777391304 0.2394279029 0.0146)
(0.1904347826 0.2394279029 0.0146)
(0.2031304348 0.2394279029 0.0146)
(0.215826087 0.2394279029 0.0146)
(0.2285217391 0.2394279029 0.0146)
(0.2412173913 0.2394279029 0.0146)
(0.2539130435 0.2394279029 0.0146)
(0.2666086957 0.2394279029 0.0146)
(0.2793043478 0.2394279029 0.0146)
(0.292 0.2394279029 0.0146)
(0 0.2521898324 0.0146)
(0.01269565217 0.2521898324 0.0146)
(0.02539130435 0.2521898324 0.0146)
(0.03808695652 0.2521898324 0.0146)
(0.0507826087 0.2521898324 0.0146)
(0.06347826087 0.2521898324 0.0146)
(0.07617391304 0.2521898324 0.0146)
(0.08886956522 0.2521898324 0.0146)
(0.1015652174 0.2521898324 0.0146)
(0.1142608696 0.2521898324 0.0146)
(0.1269565217 0.2521898324 0.0146)
(0.1396521739 0.2521898324 0.0146)
(0.1523478261 0.2521898324 0.0146)
(0.1650434783 0.2521898324 0.0146)
(0.1777391304 0.2521898324 0.0146)
(0.1904347826 0.2521898324 0.0146)
(0.2031304348 0.2521898324 0.0146)
(0.215826087 0.2521898324 0.0146)
(0.2285217391 0.2521898324 0.0146)
(0.2412173913 0.2521898324 0.0146)
(0.2539130435 0.2521898324 0.0146)
(0.2666086957 0.2521898324 0.0146)
(0.2793043478 0.2521898324 0.0146)
(0.292 0.2521898324 0.0146)
(0 0.2649517619 0.0146)
(0.01269565217 0.2649517619 0.0146)
(0.02539130435 0.2649517619 0.0146)
(0.03808695652 0.2649517619 0.0146)
(0.0507826087 0.2649517619 0.0146)
(0.06347826087 0.2649517619 0.0146)
(0.07617391304 0.2649517619 0.0146)
(0.08886956522 0.2649517619 0.0146)
(0.1015652174 0.2649517619 0.0146)
(0.1142608696 0.2649517619 0.0146)
(0.1269565217 0.2649517619 0.0146)
(0.1396521739 0.2649517619 0.0146)
(0.1523478261 0.2649517619 0.0146)
(0.1650434783 0.2649517619 0.0146)
(0.1777391304 0.2649517619 0.0146)
(0.1904347826 0.2649517619 0.0146)
(0.2031304348 0.2649517619 0.0146)
(0.215826087 0.2649517619 0.0146)
(0.2285217391 0.2649517619 0.0146)
(0.2412173913 0.2649517619 0.0146)
(0.2539130435 0.2649517619 0.0146)
(0.2666086957 0.2649517619 0.0146)
(0.2793043478 0.2649517619 0.0146)
(0.292 0.2649517619 0.0146)
(0 0.2777136914 0.0146)
(0.01269565217 0.2777136914 0.0146)
(0.02539130435 0.2777136914 0.0146)
(0.03808695652 0.2777136914 0.0146)
(0.0507826087 0.2777136914 0.0146)
(0.06347826087 0.2777136914 0.0146)
(0.07617391304 0.2777136914 0.0146)
(0.08886956522 0.2777136914 0.0146)
(0.1015652174 0.2777136914 0.0146)
(0.1142608696 0.2777136914 0.0146)
(0.1269565217 0.2777136914 0.0146)
(0.1396521739 0.2777136914 0.0146)
(0.1523478261 0.2777136914 0.0146)
(0.1650434783 0.2777136914 0.0146)
(0.1777391304 0.2777136914 0.0146)
(0.1904347826 0.2777136914 0.0146)
(0.2031304348 0.2777136914 0.0146)
(0.215826087 0.2777136914 0.0146)
(0.2285217391 0.2777136914 0.0146)
(0.2412173913 0.2777136914 0.0146)
(0.2539130435 0.2777136914 0.0146)
(0.2666086957 0.2777136914 0.0146)
(0.2793043478 0.2777136914 0.0146)
(0.292 0.2777136914 0.0146)
(0 0.290475621 0.0146)
(0.01269565217 0.290475621 0.0146)
(0.02539130435 0.290475621 0.0146)
(0.03808695652 0.290475621 0.0146)
(0.0507826087 0.290475621 0.0146)
(0.06347826087 0.290475621 0.0146)
(0.07617391304 0.290475621 0.0146)
(0.08886956522 0.290475621 0.0146)
(0.1015652174 0.290475621 0.0146)
(0.1142608696 0.290475621 0.0146)
(0.1269565217 0.290475621 0.0146)
(0.1396521739 0.290475621 0.0146)
(0.1523478261 0.290475621 0.0146)
(0.1650434783 0.290475621 0.0146)
(0.1777391304 0.290475621 0.0146)
(0.1904347826 0.290475621 0.0146)
(0.2031304348 0.290475621 0.0146)
(0.215826087 0.290475621 0.0146)
(0.2285217391 0.290475621 0.0146)
(0.2412173913 0.290475621 0.0146)
(0.2539130435 0.290475621 0.0146)
(0.2666086957 0.290475621 0.0146)
(0.2793043478 0.290475621 0.0146)
(0.292 0.290475621 0.0146)
(0 0.3032375505 0.0146)
(0.01269565217 0.3032375505 0.0146)
(0.02539130435 0.3032375505 0.0146)
(0.03808695652 0.3032375505 0.0146)
(0.0507826087 0.3032375505 0.0146)
(0.06347826087 0.3032375505 0.0146)
(0.07617391304 0.3032375505 0.0146)
(0.08886956522 0.3032375505 0.0146)
(0.1015652174 0.3032375505 0.0146)
(0.1142608696 0.3032375505 0.0146)
(0.1269565217 0.3032375505 0.0146)
(0.1396521739 0.3032375505 0.0146)
(0.1523478261 0.3032375505 0.0146)
(0.1650434783 0.3032375505 0.0146)
(0.1777391304 0.3032375505 0.0146)
(0.1904347826 0.3032375505 0.0146)
(0.2031304348 0.3032375505 0.0146)
(0.215826087 0.3032375505 0.0146)
(0.2285217391 0.3032375505 0.0146)
(0.2412173913 0.3032375505 0.0146)
(0.2539130435 0.3032375505 0.0146)
(0.2666086957 0.3032375505 0.0146)
(0.2793043478 0.3032375505 0.0146)
(0.292 0.3032375505 0.0146)
(0 0.31599948 0.0146)
(0.01269565217 0.31599948 0.0146)
(0.02539130435 0.31599948 0.0146)
(0.03808695652 0.31599948 0.0146)
(0.0507826087 0.31599948 0.0146)
(0.06347826087 0.31599948 0.0146)
(0.07617391304 0.31599948 0.0146)
(0.08886956522 0.31599948 0.0146)
(0.1015652174 0.31599948 0.0146)
(0.1142608696 0.31599948 0.0146)
(0.1269565217 0.31599948 0.0146)
(0.1396521739 0.31599948 0.0146)
(0.1523478261 0.31599948 0.0146)
(0.1650434783 0.31599948 0.0146)
(0.1777391304 0.31599948 0.0146)
(0.1904347826 0.31599948 0.0146)
(0.2031304348 0.31599948 0.0146)
(0.215826087 0.31599948 0.0146)
(0.2285217391 0.31599948 0.0146)
(0.2412173913 0.31599948 0.0146)
(0.2539130435 0.31599948 0.0146)
(0.2666086957 0.31599948 0.0146)
(0.2793043478 0.31599948 0.0146)
(0.292 0.31599948 0.0146)
(0 0.3287614095 0.0146)
(0.01269565217 0.3287614095 0.0146)
(0.02539130435 0.3287614095 0.0146)
(0.03808695652 0.3287614095 0.0146)
(0.0507826087 0.3287614095 0.0146)
(0.06347826087 0.3287614095 0.0146)
(0.07617391304 0.3287614095 0.0146)
(0.08886956522 0.3287614095 0.0146)
(0.1015652174 0.3287614095 0.0146)
(0.1142608696 0.3287614095 0.0146)
(0.1269565217 0.3287614095 0.0146)
(0.1396521739 0.3287614095 0.0146)
(0.1523478261 0.3287614095 0.0146)
(0.1650434783 0.3287614095 0.0146)
(0.1777391304 0.3287614095 0.0146)
(0.1904347826 0.3287614095 0.0146)
(0.2031304348 0.3287614095 0.0146)
(0.215826087 0.3287614095 0.0146)
(0.2285217391 0.3287614095 0.0146)
(0.2412173913 0.3287614095 0.0146)
(0.2539130435 0.3287614095 0.0146)
(0.2666086957 0.3287614095 0.0146)
(0.2793043478 0.3287614095 0.0146)
(0.292 0.3287614095 0.0146)
(0 0.341523339 0.0146)
(0.01269565217 0.341523339 0.0146)
(0.02539130435 0.341523339 0.0146)
(0.03808695652 0.341523339 0.0146)
(0.0507826087 0.341523339 0.0146)
(0.06347826087 0.341523339 0.0146)
(0.07617391304 0.341523339 0.0146)
(0.08886956522 0.341523339 0.0146)
(0.1015652174 0.341523339 0.0146)
(0.1142608696 0.341523339 0.0146)
(0.1269565217 0.341523339 0.0146)
(0.1396521739 0.341523339 0.0146)
(0.1523478261 0.341523339 0.0146)
(0.1650434783 0.341523339 0.0146)
(0.1777391304 0.341523339 0.0146)
(0.1904347826 0.341523339 0.0146)
(0.2031304348 0.341523339 0.0146)
(0.215826087 0.341523339 0.0146)
(0.2285217391 0.341523339 0.0146)
(0.2412173913 0.341523339 0.0146)
(0.2539130435 0.341523339 0.0146)
(0.2666086957 0.341523339 0.0146)
(0.2793043478 0.341523339 0.0146)
(0.292 0.341523339 0.0146)
(0 0.3542852686 0.0146)
(0.01269565217 0.3542852686 0.0146)
(0.02539130435 0.3542852686 0.0146)
(0.03808695652 0.3542852686 0.0146)
(0.0507826087 0.3542852686 0.0146)
(0.06347826087 0.3542852686 0.0146)
(0.07617391304 0.3542852686 0.0146)
(0.08886956522 0.3542852686 0.0146)
(0.1015652174 0.3542852686 0.0146)
(0.1142608696 0.3542852686 0.0146)
(0.1269565217 0.3542852686 0.0146)
(0.1396521739 0.3542852686 0.0146)
(0.1523478261 0.3542852686 0.0146)
(0.1650434783 0.3542852686 0.0146)
(0.1777391304 0.3542852686 0.0146)
(0.1904347826 0.3542852686 0.0146)
(0.2031304348 0.3542852686 0.0146)
(0.215826087 0.3542852686 0.0146)
(0.2285217391 0.3542852686 0.0146)
(0.2412173913 0.3542852686 0.0146)
(0.2539130435 0.3542852686 0.0146)
(0.2666086957 0.3542852686 0.0146)
(0.2793043478 0.3542852686 0.0146)
(0.292 0.3542852686 0.0146)
(0 0.3670471981 0.0146)
(0.01269565217 0.3670471981 0.0146)
(0.02539130435 0.3670471981 0.0146)
(0.03808695652 0.3670471981 0.0146)
(0.0507826087 0.3670471981 0.0146)
(0.06347826087 0.3670471981 0.0146)
(0.07617391304 0.3670471981 0.0146)
(0.08886956522 0.3670471981 0.0146)
(0.1015652174 0.3670471981 0.0146)
(0.1142608696 0.3670471981 0.0146)
(0.1269565217 0.3670471981 0.0146)
(0.1396521739 0.3670471981 0.0146)
(0.1523478261 0.3670471981 0.0146)
(0.1650434783 0.3670471981 0.0146)
(0.1777391304 0.3670471981 0.0146)
(0.1904347826 0.3670471981 0.0146)
(0.2031304348 0.3670471981 0.0146)
(0.215826087 0.3670471981 0.0146)
(0.2285217391 0.3670471981 0.0146)
(0.2412173913 0.3670471981 0.0146)
(0.2539130435 0.3670471981 0.0146)
(0.2666086957 0.3670471981 0.0146)
(0.2793043478 0.3670471981 0.0146)
(0.292 0.3670471981 0.0146)
(0 0.3798091276 0.0146)
(0.01269565217 0.3798091276 0.0146)
(0.02539130435 0.3798091276 0.0146)
(0.03808695652 0.3798091276 0.0146)
(0.0507826087 0.3798091276 0.0146)
(0.06347826087 0.3798091276 0.0146)
(0.07617391304 0.3798091276 0.0146)
(0.08886956522 0.3798091276 0.0146)
(0.1015652174 0.3798091276 0.0146)
(0.1142608696 0.3798091276 0.0146)
(0.1269565217 0.3798091276 0.0146)
(0.1396521739 0.3798091276 0.0146)
(0.1523478261 0.3798091276 0.0146)
(0.1650434783 0.3798091276 0.0146)
(0.1777391304 0.3798091276 0.0146)
(0.1904347826 0.3798091276 0.0146)
(0.2031304348 0.3798091276 0.0146)
(0.215826087 0.3798091276 0.0146)
(0.2285217391 0.3798091276 0.0146)
(0.2412173913 0.3798091276 0.0146)
(0.2539130435 0.3798091276 0.0146)
(0.2666086957 0.3798091276 0.0146)
(0.2793043478 0.3798091276 0.0146)
(0.292 0.3798091276 0.0146)
(0 0.3925710571 0.0146)
(0.01269565217 0.3925710571 0.0146)
(0.02539130435 0.3925710571 0.0146)
(0.03808695652 0.3925710571 0.0146)
(0.0507826087 0.3925710571 0.0146)
(0.06347826087 0.3925710571 0.0146)
(0.07617391304 0.3925710571 0.0146)
(0.08886956522 0.3925710571 0.0146)
(0.1015652174 0.3925710571 0.0146)
(0.1142608696 0.3925710571 0.0146)
(0.1269565217 0.3925710571 0.0146)
(0.1396521739 0.3925710571 0.0146)
(0.1523478261 0.3925710571 0.0146)
(0.1650434783 0.3925710571 0.0146)
(0.1777391304 0.3925710571 0.0146)
(0.1904347826 0.3925710571 0.0146)
(0.2031304348 0.3925710571 0.0146)
(0.215826087 0.3925710571 0.0146)
(0.2285217391 0.3925710571 0.0146)
(0.2412173913 0.3925710571 0.0146)
(0.2539130435 0.3925710571 0.0146)
(0.2666086957 0.3925710571 0.0146)
(0.2793043478 0.3925710571 0.0146)
(0 0.4053329867 0.0146)
(0.01269565217 0.4053329867 0.0146)
(0.02539130435 0.4053329867 0.0146)
(0.03808695652 0.4053329867 0.0146)
(0.0507826087 0.4053329867 0.0146)
(0.06347826087 0.4053329867 0.0146)
(0.07617391304 0.4053329867 0.0146)
(0.08886956522 0.4053329867 0.0146)
(0.1015652174 0.4053329867 0.0146)
(0.1142608696 0.4053329867 0.0146)
(0.1269565217 0.4053329867 0.0146)
(0.1396521739 0.4053329867 0.0146)
(0.1523478261 0.4053329867 0.0146)
(0.1650434783 0.4053329867 0.0146)
(0.1777391304 0.4053329867 0.0146)
(0.1904347826 0.4053329867 0.0146)
(0.2031304348 0.4053329867 0.0146)
(0.215826087 0.4053329867 0.0146)
(0.2285217391 0.4053329867 0.0146)
(0.2412173913 0.4053329867 0.0146)
(0.2539130435 0.4053329867 0.0146)
(0.2666086957 0.4053329867 0.0146)
(0.2793043478 0.4053329867 0.0146)
(0 0.4180949162 0.0146)
(0.01269565217 0.4180949162 0.0146)
(0.02539130435 0.4180949162 0.0146)
(0.03808695652 0.4180949162 0.0146)
(0.0507826087 0.4180949162 0.0146)
(0.06347826087 0.4180949162 0.0146)
(0.07617391304 0.4180949162 0.0146)
(0.08886956522 0.4180949162 0.0146)
(0.1015652174 0.4180949162 0.0146)
(0.1142608696 0.4180949162 0.0146)
(0.1269565217 0.4180949162 0.0146)
(0.1396521739 0.4180949162 0.0146)
(0.1523478261 0.4180949162 0.0146)
(0.1650434783 0.4180949162 0.0146)
(0.1777391304 0.4180949162 0.0146)
(0.1904347826 0.4180949162 0.0146)
(0.2031304348 0.4180949162 0.0146)
(0.215826087 0.4180949162 0.0146)
(0.2285217391 0.4180949162 0.0146)
(0.2412173913 0.4180949162 0.0146)
(0.2539130435 0.4180949162 0.0146)
(0.2666086957 0.4180949162 0.0146)
(0.2793043478 0.4180949162 0.0146)
(0 0.4308568457 0.0146)
(0.01269565217 0.4308568457 0.0146)
(0.02539130435 0.4308568457 0.0146)
(0.03808695652 0.4308568457 0.0146)
(0.0507826087 0.4308568457 0.0146)
(0.06347826087 0.4308568457 0.0146)
(0.07617391304 0.4308568457 0.0146)
(0.08886956522 0.4308568457 0.0146)
(0.1015652174 0.4308568457 0.0146)
(0.1142608696 0.4308568457 0.0146)
(0.1269565217 0.4308568457 0.0146)
(0.1396521739 0.4308568457 0.0146)
(0.1523478261 0.4308568457 0.0146)
(0.1650434783 0.4308568457 0.0146)
(0.1777391304 0.4308568457 0.0146)
(0.1904347826 0.4308568457 0.0146)
(0.2031304348 0.4308568457 0.0146)
(0.215826087 0.4308568457 0.0146)
(0.2285217391 0.4308568457 0.0146)
(0.2412173913 0.4308568457 0.0146)
(0.2539130435 0.4308568457 0.0146)
(0.2666086957 0.4308568457 0.0146)
(0.2793043478 0.4308568457 0.0146)
(0 0.4436187752 0.0146)
(0.01269565217 0.4436187752 0.0146)
(0.02539130435 0.4436187752 0.0146)
(0.03808695652 0.4436187752 0.0146)
(0.0507826087 0.4436187752 0.0146)
(0.06347826087 0.4436187752 0.0146)
(0.07617391304 0.4436187752 0.0146)
(0.08886956522 0.4436187752 0.0146)
(0.1015652174 0.4436187752 0.0146)
(0.1142608696 0.4436187752 0.0146)
(0.1269565217 0.4436187752 0.0146)
(0.1396521739 0.4436187752 0.0146)
(0.1523478261 0.4436187752 0.0146)
(0.1650434783 0.4436187752 0.0146)
(0.1777391304 0.4436187752 0.0146)
(0.1904347826 0.4436187752 0.0146)
(0.2031304348 0.4436187752 0.0146)
(0.215826087 0.4436187752 0.0146)
(0.2285217391 0.4436187752 0.0146)
(0.2412173913 0.4436187752 0.0146)
(0.2539130435 0.4436187752 0.0146)
(0.2666086957 0.4436187752 0.0146)
(0.2793043478 0.4436187752 0.0146)
(0 0.4563807048 0.0146)
(0.01269565217 0.4563807048 0.0146)
(0.02539130435 0.4563807048 0.0146)
(0.03808695652 0.4563807048 0.0146)
(0.0507826087 0.4563807048 0.0146)
(0.06347826087 0.4563807048 0.0146)
(0.07617391304 0.4563807048 0.0146)
(0.08886956522 0.4563807048 0.0146)
(0.1015652174 0.4563807048 0.0146)
(0.1142608696 0.4563807048 0.0146)
(0.1269565217 0.4563807048 0.0146)
(0.1396521739 0.4563807048 0.0146)
(0.1523478261 0.4563807048 0.0146)
(0.1650434783 0.4563807048 0.0146)
(0.1777391304 0.4563807048 0.0146)
(0.1904347826 0.4563807048 0.0146)
(0.2031304348 0.4563807048 0.0146)
(0.215826087 0.4563807048 0.0146)
(0.2285217391 0.4563807048 0.0146)
(0.2412173913 0.4563807048 0.0146)
(0.2539130435 0.4563807048 0.0146)
(0.2666086957 0.4563807048 0.0146)
(0.2793043478 0.4563807048 0.0146)
(0 0.4691426343 0.0146)
(0.01269565217 0.4691426343 0.0146)
(0.02539130435 0.4691426343 0.0146)
(0.03808695652 0.4691426343 0.0146)
(0.0507826087 0.4691426343 0.0146)
(0.06347826087 0.4691426343 0.0146)
(0.07617391304 0.4691426343 0.0146)
(0.08886956522 0.4691426343 0.0146)
(0.1015652174 0.4691426343 0.0146)
(0.1142608696 0.4691426343 0.0146)
(0.1269565217 0.4691426343 0.0146)
(0.1396521739 0.4691426343 0.0146)
(0.1523478261 0.4691426343 0.0146)
(0.1650434783 0.4691426343 0.0146)
(0.1777391304 0.4691426343 0.0146)
(0.1904347826 0.4691426343 0.0146)
(0.2031304348 0.4691426343 0.0146)
(0.215826087 0.4691426343 0.0146)
(0.2285217391 0.4691426343 0.0146)
(0.2412173913 0.4691426343 0.0146)
(0.2539130435 0.4691426343 0.0146)
(0.2666086957 0.4691426343 0.0146)
(0.2793043478 0.4691426343 0.0146)
(0 0.4819045638 0.0146)
(0.01269565217 0.4819045638 0.0146)
(0.02539130435 0.4819045638 0.0146)
(0.03808695652 0.4819045638 0.0146)
(0.0507826087 0.4819045638 0.0146)
(0.06347826087 0.4819045638 0.0146)
(0.07617391304 0.4819045638 0.0146)
(0.08886956522 0.4819045638 0.0146)
(0.1015652174 0.4819045638 0.0146)
(0.1142608696 0.4819045638 0.0146)
(0.1269565217 0.4819045638 0.0146)
(0.1396521739 0.4819045638 0.0146)
(0.1523478261 0.4819045638 0.0146)
(0.1650434783 0.4819045638 0.0146)
(0.1777391304 0.4819045638 0.0146)
(0.1904347826 0.4819045638 0.0146)
(0.2031304348 0.4819045638 0.0146)
(0.215826087 0.4819045638 0.0146)
(0.2285217391 0.4819045638 0.0146)
(0.2412173913 0.4819045638 0.0146)
(0.2539130435 0.4819045638 0.0146)
(0.2666086957 0.4819045638 0.0146)
(0.2793043478 0.4819045638 0.0146)
(0 0.4946664933 0.0146)
(0.01269565217 0.4946664933 0.0146)
(0.02539130435 0.4946664933 0.0146)
(0.03808695652 0.4946664933 0.0146)
(0.0507826087 0.4946664933 0.0146)
(0.06347826087 0.4946664933 0.0146)
(0.07617391304 0.4946664933 0.0146)
(0.08886956522 0.4946664933 0.0146)
(0.1015652174 0.4946664933 0.0146)
(0.1142608696 0.4946664933 0.0146)
(0.1269565217 0.4946664933 0.0146)
(0.1396521739 0.4946664933 0.0146)
(0.1523478261 0.4946664933 0.0146)
(0.1650434783 0.4946664933 0.0146)
(0.1777391304 0.4946664933 0.0146)
(0.1904347826 0.4946664933 0.0146)
(0.2031304348 0.4946664933 0.0146)
(0.215826087 0.4946664933 0.0146)
(0.2285217391 0.4946664933 0.0146)
(0.2412173913 0.4946664933 0.0146)
(0.2539130435 0.4946664933 0.0146)
(0.2666086957 0.4946664933 0.0146)
(0.2793043478 0.4946664933 0.0146)
(0 0.5074284229 0.0146)
(0.01269565217 0.5074284229 0.0146)
(0.02539130435 0.5074284229 0.0146)
(0.03808695652 0.5074284229 0.0146)
(0.0507826087 0.5074284229 0.0146)
(0.06347826087 0.5074284229 0.0146)
(0.07617391304 0.5074284229 0.0146)
(0.08886956522 0.5074284229 0.0146)
(0.1015652174 0.5074284229 0.0146)
(0.1142608696 0.5074284229 0.0146)
(0.1269565217 0.5074284229 0.0146)
(0.1396521739 0.5074284229 0.0146)
(0.1523478261 0.5074284229 0.0146)
(0.1650434783 0.5074284229 0.0146)
(0.1777391304 0.5074284229 0.0146)
(0.1904347826 0.5074284229 0.0146)
(0.2031304348 0.5074284229 0.0146)
(0.215826087 0.5074284229 0.0146)
(0.2285217391 0.5074284229 0.0146)
(0.2412173913 0.5074284229 0.0146)
(0.2539130435 0.5074284229 0.0146)
(0.2666086957 0.5074284229 0.0146)
(0.2793043478 0.5074284229 0.0146)
(0 0.5201903524 0.0146)
(0.01269565217 0.5201903524 0.0146)
(0.02539130435 0.5201903524 0.0146)
(0.03808695652 0.5201903524 0.0146)
(0.0507826087 0.5201903524 0.0146)
(0.06347826087 0.5201903524 0.0146)
(0.07617391304 0.5201903524 0.0146)
(0.08886956522 0.5201903524 0.0146)
(0.1015652174 0.5201903524 0.0146)
(0.1142608696 0.5201903524 0.0146)
(0.1269565217 0.5201903524 0.0146)
(0.1396521739 0.5201903524 0.0146)
(0.1523478261 0.5201903524 0.0146)
(0.1650434783 0.5201903524 0.0146)
(0.1777391304 0.5201903524 0.0146)
(0.1904347826 0.5201903524 0.0146)
(0.2031304348 0.5201903524 0.0146)
(0.215826087 0.5201903524 0.0146)
(0.2285217391 0.5201903524 0.0146)
(0.2412173913 0.5201903524 0.0146)
(0.2539130435 0.5201903524 0.0146)
(0.2666086957 0.5201903524 0.0146)
(0.2793043478 0.5201903524 0.0146)
(0 0.5329522819 0.0146)
(0.01269565217 0.5329522819 0.0146)
(0.02539130435 0.5329522819 0.0146)
(0.03808695652 0.5329522819 0.0146)
(0.0507826087 0.5329522819 0.0146)
(0.06347826087 0.5329522819 0.0146)
(0.07617391304 0.5329522819 0.0146)
(0.08886956522 0.5329522819 0.0146)
(0.1015652174 0.5329522819 0.0146)
(0.1142608696 0.5329522819 0.0146)
(0.1269565217 0.5329522819 0.0146)
(0.1396521739 0.5329522819 0.0146)
(0.1523478261 0.5329522819 0.0146)
(0.1650434783 0.5329522819 0.0146)
(0.1777391304 0.5329522819 0.0146)
(0.1904347826 0.5329522819 0.0146)
(0.2031304348 0.5329522819 0.0146)
(0.215826087 0.5329522819 0.0146)
(0.2285217391 0.5329522819 0.0146)
(0.2412173913 0.5329522819 0.0146)
(0.2539130435 0.5329522819 0.0146)
(0.2666086957 0.5329522819 0.0146)
(0.2793043478 0.5329522819 0.0146)
(0 0.5457142114 0.0146)
(0.01269565217 0.5457142114 0.0146)
(0.02539130435 0.5457142114 0.0146)
(0.03808695652 0.5457142114 0.0146)
(0.0507826087 0.5457142114 0.0146)
(0.06347826087 0.5457142114 0.0146)
(0.07617391304 0.5457142114 0.0146)
(0.08886956522 0.5457142114 0.0146)
(0.1015652174 0.5457142114 0.0146)
(0.1142608696 0.5457142114 0.0146)
(0.1269565217 0.5457142114 0.0146)
(0.1396521739 0.5457142114 0.0146)
(0.1523478261 0.5457142114 0.0146)
(0.1650434783 0.5457142114 0.0146)
(0.1777391304 0.5457142114 0.0146)
(0.1904347826 0.5457142114 0.0146)
(0.2031304348 0.5457142114 0.0146)
(0.215826087 0.5457142114 0.0146)
(0.2285217391 0.5457142114 0.0146)
(0.2412173913 0.5457142114 0.0146)
(0.2539130435 0.5457142114 0.0146)
(0.2666086957 0.5457142114 0.0146)
(0.2793043478 0.5457142114 0.0146)
(0 0.558476141 0.0146)
(0.01269565217 0.558476141 0.0146)
(0.02539130435 0.558476141 0.0146)
(0.03808695652 0.558476141 0.0146)
(0.0507826087 0.558476141 0.0146)
(0.06347826087 0.558476141 0.0146)
(0.07617391304 0.558476141 0.0146)
(0.08886956522 0.558476141 0.0146)
(0.1015652174 0.558476141 0.0146)
(0.1142608696 0.558476141 0.0146)
(0.1269565217 0.558476141 0.0146)
(0.1396521739 0.558476141 0.0146)
(0.1523478261 0.558476141 0.0146)
(0.1650434783 0.558476141 0.0146)
(0.1777391304 0.558476141 0.0146)
(0.1904347826 0.558476141 0.0146)
(0.2031304348 0.558476141 0.0146)
(0.215826087 0.558476141 0.0146)
(0.2285217391 0.558476141 0.0146)
(0.2412173913 0.558476141 0.0146)
(0.2539130435 0.558476141 0.0146)
(0.2666086957 0.558476141 0.0146)
(0.2793043478 0.558476141 0.0146)
(0 0.5712380705 0.0146)
(0.01269565217 0.5712380705 0.0146)
(0.02539130435 0.5712380705 0.0146)
(0.03808695652 0.5712380705 0.0146)
(0.0507826087 0.5712380705 0.0146)
(0.06347826087 0.5712380705 0.0146)
(0.07617391304 0.5712380705 0.0146)
(0.08886956522 0.5712380705 0.0146)
(0.1015652174 0.5712380705 0.0146)
(0.1142608696 0.5712380705 0.0146)
(0.1269565217 0.5712380705 0.0146)
(0.1396521739 0.5712380705 0.0146)
(0.1523478261 0.5712380705 0.0146)
(0.1650434783 0.5712380705 0.0146)
(0.1777391304 0.5712380705 0.0146)
(0.1904347826 0.5712380705 0.0146)
(0.2031304348 0.5712380705 0.0146)
(0.215826087 0.5712380705 0.0146)
(0.2285217391 0.5712380705 0.0146)
(0.2412173913 0.5712380705 0.0146)
(0.2539130435 0.5712380705 0.0146)
(0.2666086957 0.5712380705 0.0146)
(0.2793043478 0.5712380705 0.0146)
(0 0.584 0.0146)
(0.01269565217 0.584 0.0146)
(0.02539130435 0.584 0.0146)
(0.03808695652 0.584 0.0146)
(0.0507826087 0.584 0.0146)
(0.06347826087 0.584 0.0146)
(0.07617391304 0.584 0.0146)
(0.08886956522 0.584 0.0146)
(0.1015652174 0.584 0.0146)
(0.1142608696 0.584 0.0146)
(0.1269565217 0.584 0.0146)
(0.1396521739 0.584 0.0146)
(0.1523478261 0.584 0.0146)
(0.1650434783 0.584 0.0146)
(0.1777391304 0.584 0.0146)
(0.1904347826 0.584 0.0146)
(0.2031304348 0.584 0.0146)
(0.215826087 0.584 0.0146)
(0.2285217391 0.584 0.0146)
(0.2412173913 0.584 0.0146)
(0.2539130435 0.584 0.0146)
(0.2666086957 0.584 0.0146)
(0.2793043478 0.584 0.0146)
)


// ************************************************************************* //
